201101101
120101100
021011101
100010010
210011111
111110101
010100000
000101011
221000010
totalCombNum,N,totalRuntime are 177 9 726


201101101
120101100
021011101
100010010
210011111
111110101
010100000
000101011
221000010
totalCombNum,N,totalRuntime are 177 9 726


201101101
120101100
021011101
100010010
210011111
111110101
010100000
000101011
221000010
totalCombNum,N,totalRuntime are 177 9 726


201101101
120101100
021011101
100010010
210011111
111110101
010100000
000101011
221000010
totalCombNum,N,totalRuntime are 177 9 726


201101101
120101100
021011101
100010010
210011111
111110101
010100000
000101011
221000010
totalCombNum,N,totalRuntime are 177 9 726


201101101
120101100
021011101
100010010
210011111
111110101
010100000
000101011
221000010
totalCombNum,N,totalRuntime are 177 9 726


