11010101111
01001010001
12101110110
21111100010
20000101100
10111011000
02011001110
00110110111
22100011001
totalCombNum,N,totalRuntime are 261 9 331


11010001101
01001010001
12101110110
21111100010
20000101100
10111000000
02011001110
00110110111
22100011001
totalCombNum,N,totalRuntime are 261 9 257


11010101111
01001010001
12101110110
21111100010
20000101100
10111011000
02011001110
00110110111
22100011001
totalCombNum,N,totalRuntime are 261 9 331


11010001101
01001010001
12101110110
21111100010
20000101100
10111000000
02011001110
00110110111
22100011001
totalCombNum,N,totalRuntime are 261 9 257


11010101111
01001010001
12101110110
21111100010
20000101100
10111011000
02011001110
00110110111
22100011001
totalCombNum,N,totalRuntime are 261 9 331


11010001101
01001010001
12101110110
21111100010
20000101100
10111000000
02011001110
00110110111
22100011001
totalCombNum,N,totalRuntime are 261 9 257


