000111011
100000101
121011000
111110011
011101100
220100110
021000111
201111100
210000001
totalCombNum,N,totalRuntime are 177 9 875


000111011
100000101
120011000
111110011
010101100
220100110
021000111
201111100
210000001
totalCombNum,N,totalRuntime are 177 9 573


000111011
100000101
121011000
111110011
011101100
220100110
021000111
201111100
210000001
totalCombNum,N,totalRuntime are 177 9 875


000111011
100000101
120011000
111110011
010101100
220100110
021000111
201111100
210000001
totalCombNum,N,totalRuntime are 177 9 573


000111011
100000101
121011000
111110011
011101100
220100110
021000111
201111100
210000001
totalCombNum,N,totalRuntime are 177 9 875


000111011
100000101
120011000
111110011
010101100
220100110
021000111
201111100
210000001
totalCombNum,N,totalRuntime are 177 9 573


