12101110
01011010
20000011
00110100
11000000
22010100
02101011
10111101
21101111
totalCombNum,N,totalRuntime are 141 9 885


12111111
01011010
20000011
00110100
11000000
22010100
02100001
10111101
21101111
totalCombNum,N,totalRuntime are 141 9 34


12101110
01011010
20000011
00110100
11000000
22010100
02101011
10111101
21101111
totalCombNum,N,totalRuntime are 141 9 885


12111111
01011010
20000011
00110100
11000000
22010100
02100001
10111101
21101111
totalCombNum,N,totalRuntime are 141 9 34


12101110
01011010
20000011
00110100
11000000
22010100
02101011
10111101
21101111
totalCombNum,N,totalRuntime are 141 9 885


12111111
01011010
20000011
00110100
11000000
22010100
02100001
10111101
21101111
totalCombNum,N,totalRuntime are 141 9 34


