20011100101
11111110001
10010000110
22001100011
00101111001
21100011110
01000100010
12001011000
02110001101
totalCombNum,N,totalRuntime are 261 9 13525


11100100111
20010100110
22010101011
00100110111
21010101011
01001010110
12001010110
10110001111
20000100101
20010010111
02001000111
20101100111
10100000110
10010000111
02010100111
01011000000
00100000111
10010011000
02101001001
20100000111
totalCombNum,N,totalRuntime are 261 20 1974


12010100010
01100110111
02001001100
22100110001
21001011100
11111101001
10000011111
00110010000
20011100110
totalCombNum,N,totalRuntime are 261 9 11234


