02110221011
41202201111
31200120001
22100102110
10000111200
00201000210
40111122200
32012201210
20212210001
01022112100
21021021211
30121012110
12221202001
11112020111
42020010000
totalCombNum,N,totalRuntime are 492 15 144


00110201010
41020200101
31200120001
20100102010
10000010200
00201000200
40111122200
32012201210
20212210001
01022112010
21021021201
30121012110
12221202001
11112020111
42020010000
02100220001
40202001110
22000102100
10000111000
01000010101
totalCombNum,N,totalRuntime are 492 20 122


10210000201
01020101011
20120211200
00111022110
42112202001
12022221110
30102100010
11101112001
32020022201
22011100111
21202022010
02202210200
40000011100
41221120211
31211211111
totalCombNum,N,totalRuntime are 492 15 138


10200000201
01000101001
20120211200
00011020001
42112202001
12022221110
30102100010
11101112001
32020022201
22001100101
21202022010
02202210200
40000011100
41221120210
31211211111
10010000201
01020101010
00111020200
00101002100
20010100101
totalCombNum,N,totalRuntime are 492 20 127


10200000201
20120211200
00011020001
42112202001
12022221110
30102100010
11101112001
32020022201
22001100101
21202022010
02202210200
40000011100
41221120210
31211211111
10010000201
01020101010
00111020200
00101002100
20010100101
totalCombNum,N,totalRuntime are 492 19 127


22222010100
42221121000
10222201201
20001202011
31121220211
40100010211
01201021110
00112100010
41012202100
02020212201
30002111100
12100122111
11011010010
32210002001
21110121200
00012121210
totalCombNum,N,totalRuntime are 492 16 162


22222010100
42021121000
10220201200
20001002010
31121220211
40100010210
01201021110
00102100010
41012202100
02020212201
30002111100
12100122111
11011010010
32210002001
21110121200
00012121210
40221101001
10002020001
20200202001
totalCombNum,N,totalRuntime are 492 19 146


11202101210
10021012110
00122202201
21101010201
12110220001
31222210110
22012201111
40101200110
30111121201
20220122010
42020111200
01000120100
32000002000
02211011010
41212022001
totalCombNum,N,totalRuntime are 492 15 139


11202101210
10021012101
00122202201
21101010201
12110220001
31222210110
22002010001
40101002010
30111121201
20220122010
42020111200
01000120100
32000002000
02211011010
40210020001
22010200101
20010201111
40101200100
41012022010
totalCombNum,N,totalRuntime are 492 19 133


21121022100
30211202110
41101100200
11212110110
02112122010
12021001000
20010111201
00220000201
40212021011
10100222211
22202200010
32022120201
01001211101
31100011010
42020212111
totalCombNum,N,totalRuntime are 492 15 138


21121022100
30211202110
41101100200
11212110100
00002020010
12021001000
20010110201
00220000201
40212021001
10100202211
22202200010
32022120201
01001211101
31100011010
40020212010
02112102010
02010102010
20000101200
10100220200
10201010211
42020210100
totalCombNum,N,totalRuntime are 492 21 126


21121022100
30211202110
41101100200
11212110100
00002020010
12021001000
20010110201
00220000201
40212021001
10100202211
22202200010
32022120201
01001211101
31100011010
40020212010
02112102010
20000101200
10100220200
42020210100
totalCombNum,N,totalRuntime are 492 19 123


41022211111
30222200210
10221012211
11012120000
32011021111
21211101200
00111211011
40201100011
20000222100
31100112000
42110022200
12100201111
02220120101
22122010011
01002002200
totalCombNum,N,totalRuntime are 492 15 156


41022001110
30202200200
10221012211
11012120000
30011021101
21211101200
00111211010
40201100010
20000222100
31100112000
42110022200
12100201100
02220120101
22102010010
01002002200
41020210101
30020200200
32001020011
10100201011
20122010001
totalCombNum,N,totalRuntime are 492 20 139


42012002101
11211011100
30110020110
21021022001
00121202111
02012110000
01200021201
22100111110
40220211000
31002201010
41101120211
20212200210
32221112201
12122220001
10000102210
totalCombNum,N,totalRuntime are 492 15 144


42012002101
11211011100
30100020101
21021022001
00121202110
02010110000
01200021201
20100111100
40020211010
31002201010
41101120201
20212200200
32221112201
12122220001
10000102210
30110020010
30010020100
02002110001
22000111010
40200200010
40101020011
totalCombNum,N,totalRuntime are 492 21 132


42012002101
11211011100
21021022001
00121202110
02010110000
01200021201
20100111100
40020211010
31002201010
41101120201
20212200200
32221112201
12122220001
10000102210
30110020010
30010020100
02002110001
22000111010
40200200010
40101020011
totalCombNum,N,totalRuntime are 492 20 132


02110220010
00001002101
42212122100
22121022210
31102220201
20202100000
11221202001
10012021200
30220012100
12100110111
21010211101
40100201211
32011101011
41021010010
01222111210
totalCombNum,N,totalRuntime are 492 15 145


00110020001
00001002101
42212122100
22121022210
31102220201
20202100000
11221202001
10002020200
30020010100
12100110110
21010211101
40100201201
32011101011
41021010010
01222111210
02010200010
10010021200
30200012000
40200201010
totalCombNum,N,totalRuntime are 492 19 127


41000011001
21022220010
10221000001
40122102210
11010122200
30001022101
22200102100
42211220110
12102211111
31212201200
00210212010
32120110011
01121121101
02002000210
20111011201
totalCombNum,N,totalRuntime are 492 15 153


41000011001
21020220010
10220000000
40122102200
11010122200
30001022101
22200102100
42211220110
12102211111
31212201200
00210212010
32120110011
01121121101
02002000210
20111011201
20002020000
10201002001
totalCombNum,N,totalRuntime are 492 17 141


11211201110
40120200111
01111020101
30212220210
02022201001
00200112210
20221001201
41002121201
32001102111
22010120010
10002010010
31120011000
42211012010
21102212101
12120122201
totalCombNum,N,totalRuntime are 492 15 138


11211201110
40100200110
01111020101
30212220201
02022201001
00200110200
20221000201
41002121201
32001102111
22010120010
10002010010
31120011000
42211012010
21102212101
12120122201
40020200110
40020000100
00200010210
00200102010
20001001010
totalCombNum,N,totalRuntime are 492 20 126


11211201110
40100200110
01111020101
30212220201
02022201001
00200110200
20221000201
41002121201
32001102111
22010120010
10002010010
31120011000
42211012010
21102212101
12120122201
40020200110
00200010210
00200102010
20001001010
totalCombNum,N,totalRuntime are 492 19 126


02012002011
31212211011
32121122100
40001112011
12120010010
20110202111
10002221110
21021011201
00221220201
41210020100
42122201210
22202120000
01100111100
30000000201
11211102201
totalCombNum,N,totalRuntime are 492 15 147


02002002001
31212211010
32121122100
40001012001
12020010010
20110202011
10002021110
21021011201
00221220201
40200020100
42122201210
22202120000
01100111100
30000000201
11211002201
02010202010
40001102010
10120020001
20010100101
10002200100
41010020100
10200100201
totalCombNum,N,totalRuntime are 492 22 127


11220222111
02102212001
31111220010
21100100211
00210121210
30000011101
20221012010
41122111100
22012221101
40011202211
12001101010
42200020000
01021000101
32222102211
10112010200
totalCombNum,N,totalRuntime are 492 15 157


11200202101
02102212001
31110220000
21100100210
00200121200
30000011101
20020010010
40100100101
22012221101
40011202200
12001101010
42200020000
01021000101
32220100211
10010010200
10020222110
30111020000
00210101010
20201012010
41122111010
30202102011
10102010201
totalCombNum,N,totalRuntime are 492 22 130


10020102111
30001222000
02200201111
31110000111
22012201000
41020210011
01121112000
12211010000
00012020211
40201001210
20101110111
21220022200
32222111201
42112122100
11102221200
totalCombNum,N,totalRuntime are 492 15 153


10020020101
30101202010
02200201110
31110000101
22012201000
41020210011
00120101010
12211010000
00012020201
40201001210
20101010111
21220022200
32222111201
42112122100
11102221200
10020102011
10020102001
30001020000
01021112000
00012020010
20000110101
totalCombNum,N,totalRuntime are 492 21 136


10020020101
30101202010
02200201110
31110000101
22012201000
41020210011
00120101010
12211010000
00012020201
40201001210
20101010111
21220022200
32222111201
42112122100
11102221200
10020102011
30001020000
01021112000
00012020010
20000110101
totalCombNum,N,totalRuntime are 492 20 136


31020200000
11002010210
40220001211
21011001100
00021122200
20100120011
02102001000
42001210011
41112122100
12210102011
30112111211
10121221101
01210210111
22222212200
32201022100
totalCombNum,N,totalRuntime are 492 15 154


31020200000
11002010200
40200000201
21011001100
00001002201
20100020101
02102001000
42001210010
41102102101
12210102011
30112111211
10101200101
01210210110
22222212200
32201022100
10002020010
40220001010
01021120200
20100100010
41010020000
10120221101
totalCombNum,N,totalRuntime are 492 21 131


11022021011
40202220011
00120201111
30020210201
01002112000
32102022110
42021102110
20012002211
31211101001
21221210101
22100121010
10101100200
41110011201
02211020201
12210212110
totalCombNum,N,totalRuntime are 492 15 132


11022021001
40202220001
00120201101
30020210201
01000102000
20102020100
40021102010
20012002211
30201101001
21221210101
22100121010
10101100200
41110011201
02211020201
12210212110
01020020010
01002110000
30102022100
32002020010
42020102100
31210101001
totalCombNum,N,totalRuntime are 492 21 121


11022021001
40202220001
00120201101
30020210201
01000102000
40021102010
20012002211
30201101001
21221210101
22100121010
10101100200
41110011201
02211020201
12210212110
01020020010
01002110000
30102022100
32002020010
42020102100
31210101001
totalCombNum,N,totalRuntime are 492 20 121


21102221001
12002000001
41212002211
42120210010
31000212211
22221012111
30122001101
20010100200
32211120000
11121122211
10210211110
01200020110
40001121100
00022112000
02111201211
totalCombNum,N,totalRuntime are 492 15 159


21102221001
12002000001
41212002201
42120210010
30000212001
22001012100
30120001100
20010100200
32211120000
11021020201
10210211100
01200020101
40001121100
00022112000
02111201210
40202002011
31000010201
31000012010
20221020110
30102001101
11100102011
11120122000
totalCombNum,N,totalRuntime are 492 22 140


02201020010
40211221201
12100011200
42102112111
32121210110
01122201200
00010112101
10002200111
21200212010
22011100200
20122021111
11221122101
30000121001
31212002211
41020000010
10112101010
totalCombNum,N,totalRuntime are 492 16 156


02201020010
40201001001
12100011200
42102112101
32121210100
01122201200
00010012001
10002200111
21200212010
22011100200
20102020001
11221122101
30000121001
30202002210
41020000010
10112101010
40210220201
00010110100
20120001101
31010001010
totalCombNum,N,totalRuntime are 492 20 129


01001000101
12222012110
42121100000
22211210211
10101201201
41200212100
00110112210
31121022211
32000211011
21102121100
30212100100
02222221011
20020002010
11010120011
40012021211
totalCombNum,N,totalRuntime are 492 15 159


01001000101
10220002101
42121100000
22211210201
10101201001
41200212100
00110102200
31020202200
32000211011
20102101100
30212100100
02022221000
20020002010
11010120010
40012021211
12020010110
12022012001
10101000201
00010102000
00110110201
30101022010
20102020101
21102021001
00200221010
totalCombNum,N,totalRuntime are 492 24 135


01001000101
10220002101
42121100000
22211210201
10101201001
41200212100
31020202200
32000211011
20102101100
30212100100
02022221000
20020002010
11010120010
40012021211
12020010110
12022012001
10101000201
00010102000
00110110201
30101022010
20102020101
21102021001
00200221010
totalCombNum,N,totalRuntime are 492 23 130


32010220010
10111210111
02022010111
12202001010
40220211110
30222102111
00100121001
01211202210
31101011201
42112100201
22121112010
21202220101
11020122201
20010001210
41001022000
totalCombNum,N,totalRuntime are 492 15 141


32010220010
10110200101
02022010101
12202001010
40220211110
30202102101
00100121001
00211200200
31101011201
42112100201
22121112010
21202220101
11020122201
20010001201
41001022000
10111010101
30220100011
01010202000
01210200210
totalCombNum,N,totalRuntime are 492 19 125


21012100010
02122110200
42122001111
01211221110
30101111001
32212202211
22100221200
12021201000
40011210210
41200122000
31020020110
20221012101
00000002001
10202120111
11110012201
totalCombNum,N,totalRuntime are 492 15 147


21012100010
02100100200
40102001101
01211221110
30101111001
30202202010
22100221200
12021001010
40011210210
41200122000
31020020100
20221002101
00000002001
10202120111
11110012201
02022110200
42120001110
32212202001
30201020200
10020201001
20201010101
totalCombNum,N,totalRuntime are 492 21 133


