02531433322202
31344012302112
32330140142222
25411132202011
04255202042120
31142231231222
14053123301211
24352403130000
15512011441221
30001001431111
13321301011012
52235411100210
50402322340201
20104113011211
53543104020101
23220001302121
05244321130000
45115104331200
54151010111110
10202134122012
22133324442112
11140442420001
42032032012101
02303044211020
44454441421112
21505240310001
34550334201110
43523212131100
35213430411000
12414000230001
55315233420102
20045310220002
53024434240021
41241343240020
02440214111111
34425023020220
40300420000101
03122140400111
55010343032101
01051224101100
10534220211100
51433101030010
12455112411222
10322131102020
00353113342222
25332404442211
00214340122012
04240141302221
43535003300022
53413421032222
23154234412222
33002322010212
41021422122122
41213244242010
12121003022002
15323331431220
44110222242100
25054303210222
04530243330010
55400112120121
34503010222200
totalCombNum,N,totalRuntime are 2074 61 3169


02531430320200
31344012300020
32030140140022
25411132200010
00250202040201
31142231200201
14053123301211
24352003130001
05512010400020
30001001430101
13321301011012
52235411100210
50402300340010
20104113011211
53543104020101
23220001300102
05244321130000
45115104330201
54151010111010
10202134122012
22133320400001
11140442400200
42032032012101
02303044211020
44454441421002
21505240310001
34550334030002
43523212130100
35210400411000
12414000230001
55315233420102
20045310220002
53024434240102
41241343040001
02440214011010
34425023040000
40303020000020
03122040300111
55010343032101
01051224001100
10534220201100
51433101030010
12455112411222
10322131102020
00353113342222
25332404442211
00214340122012
04240141302221
43535003300022
53413421032222
23154234412222
33002322010212
41021422122122
41213244242010
12121003022002
15323331431220
44110222242100
25054303210222
04530243330010
55400112120121
34503010222200
00205002042020
20300403130101
10502001041002
totalCombNum,N,totalRuntime are 2074 64 2814


50113000110121
23402443012122
04123343420200
25310320342011
43143234242022
03030103132101
00001232141102
05204411311120
52024223102202
20234032400201
30300014122111
54130421041011
35053433000001
02452020221102
33220420400010
42214130021001
32505001442100
31244303232112
34412202310012
41350231411222
50251144231100
13011013431211
45521002012110
10422331031121
11103122301020
15535240120112
14254204142000
40545423330001
55442114440212
04341030000000
21041401120021
22153212030011
53555332320011
41432310101000
01515404001210
24525114211120
12340442211101
32031324310220
51322043341001
31114141201110
44002340231200
15333101230011
53304101000111
03553324010202
50544202312122
22045034202221
25112002242210
03245223420022
12423230441022
41440044320210
50434133331022
15155122431220
44202113410202
10243041122221
04305444221112
34520240332002
52401234412222
51415442222100
45141314040222
25522343102120
totalCombNum,N,totalRuntime are 2074 60 3177


50103020100100
23402440002002
04123343420200
25310320301002
43143234242022
03030103132001
00000032140101
05204411302002
52024223102002
20234002400202
30300010122010
54130421040201
35053433000001
02452020220101
33220420400010
42214130020100
32505001440102
31244303232112
34412202030100
41350231410220
50251144231000
13011010401011
45521002010110
10422331001010
11103122301020
15535240120101
14254004142001
40545423330001
55442114440212
04341030000000
21001401120020
22153212030010
53555332320011
41432010101010
01515404001210
24025114210020
12340442011000
30031024010220
01322043340201
31114141201110
44002340231200
15333101230011
53304101000111
03553324010202
50544202312122
22045034202221
25112002242210
03245223420022
12423230441022
41440044320210
50434133331022
15155122431220
44202113410202
10243041122221
04305444221112
34520240332002
52401234412222
51415442222100
45141314040222
25522343102120
50113000110020
13011013031020
20520110210101
32031300300010
totalCombNum,N,totalRuntime are 2074 64 2929


35154144042121
25200103130210
23332020402200
05234222321211
03120214442010
22021342322010
00203043112021
51404301422212
33110321211101
03215402021000
13502414010212
42252444430000
32105230300112
31131442131111
34322203020020
14221031000202
44301022241000
10141104202101
40330334032022
12033103241101
41325123410111
53451213231021
14510140422021
54435014331010
20055441242222
10524220230111
15545333140012
51242310241111
43343241320011
42314013100210
55423440101001
30143012421210
00412132340102
52440422010021
21513234031100
11550002301120
24144413311001
04053324101112
05351430221100
45011000411000
53004134120101
02531131410001
35052211110010
01040110030000
50112011130000
15310423232120
55553310112122
11451131222202
42111434431202
22435111442022
52304000302220
30520243302122
35454430332122
30222302012120
44444320020221
45515233030212
totalCombNum,N,totalRuntime are 2074 56 2886


35154144040020
25000300130201
20302020400000
00234002010200
03120214440202
22020302001020
00203043012021
51404301400102
33110321211002
03215402020102
13502414010202
42252044430100
32105200300020
31031042130001
34322203020020
04220031002002
44301022241000
10141004202100
40330304002002
12033103241010
41325123410201
53401203030001
14510140420201
00405004301020
20055441240002
10524220230010
10545333040102
51242010241001
43343241300011
42314013100210
55423440101001
30043012420010
00412132340102
52440422010021
21013230100100
11550002300020
24140413310001
04053324100110
05351430221100
45011000411000
53004134120101
02531131410001
35052211110010
01040110030000
50112011130000
15310423232120
55553310112122
11451131222202
42111434431202
20435011442020
52304000302220
30520243302122
35454430332122
30222302012120
44444320020221
45515233030212
20200100100010
23032020402010
05230222320100
22021340320020
01131400102010
01000400100002
10201031000010
53051013001021
54435004030010
15045030140010
30103002020210
21513204031010
24104013001001
totalCombNum,N,totalRuntime are 2074 69 2533


35154144040020
25000300130201
20302020400000
00234002010200
03120214440202
22020302001020
00203043012021
51404301400102
33110321211002
03215402020102
13502414010202
42252044430100
32105200300020
31031042130001
34322203020020
04220031002002
44301022241000
10141004202100
40330304002002
12033103241010
41325123410201
53401203030001
14510140420201
00405004301020
20055441240002
10524220230010
10545333040102
51242010241001
43343241300011
42314013100210
55423440101001
30043012420010
00412132340102
52440422010021
21013230100100
11550002300020
24140413310001
04053324100110
05351430221100
45011000411000
53004134120101
02531131410001
35052211110010
01040110030000
50112011130000
15310423232120
55553310112122
11451131222202
42111434431202
20435011442020
52304000302220
30520243302122
35454430332122
30222302012120
44444320020221
45515233030212
20200100100010
23032020402010
05230222320100
22021340320020
01131400102010
10201031000010
53051013001021
54435004030010
15045030140010
30103002020210
21513204031010
24104013001001
totalCombNum,N,totalRuntime are 2074 68 2533


34122412222222
05135114031010
31420104142021
21113141400212
45454042412222
33325340401100
05203240342120
54245021041021
51044410301201
10432130300001
44514304331020
41352234030101
32224131311112
52442343432110
43150023341202
03242304410100
25012423111011
00304123021112
12025014320011
40552311440111
04000232400111
20210010232100
55340301222101
01505033212200
44051140220111
22311432340220
53503132120010
13034201242120
12530440010012
24333013110010
30023302030212
35521223002000
23415202021111
11231322421201
03401411431001
50141244111202
40255403101120
42453424201001
15104334130000
32101000101111
44402020130001
02025211100012
45524121212212
01214100322202
35042431141220
43240244342212
14351013222122
21454302202220
35131334240022
01250130302221
54424412040022
24120334412220
10143204122022
55031121031120
51315112302022
23543132230210
12110402411022
34552023312101
20103013021100
50351440110202
31514243020000
41533200442021
totalCombNum,N,totalRuntime are 2074 62 3061


30122412222002
05135114031010
31420104142021
21113141401012
45454042410001
33325340400200
05203040340020
54245021040100
01044410000202
10432130300001
44510304331020
41350230030201
32224131311112
52442343432010
43150023340010
03242304410100
25012023110101
00304123001002
12025014320011
40552311440111
04000232400111
20210010230200
55340001220001
01005033210200
44051140220111
22311030040200
53503032120002
13034201242020
12530440010010
24333013110010
30023300030202
35521223002000
23415200020100
11231322420202
03401411031001
50141244111202
40255403100100
42453424201001
15104304130200
32101000101111
44402020130001
02025211100012
45524121212212
01214100322202
35042431141220
43240244342212
14351013222122
21454302202220
35131334240022
01250130302221
54424412040022
24120334412220
10143204122022
55031121031120
51315112302022
23543132230210
12110402411022
34552023312101
20103013021100
50351440110202
31514243020000
41533200442021
01302204030100
00505040202001
22301400302000
totalCombNum,N,totalRuntime are 2074 65 2789


23243412002010
14103131331222
05015421131022
11301443312012
10544202330102
02140040401210
30020011300100
01254031411121
53300333430002
22042133410202
13004024220102
03411104342210
24445341020000
00302114001121
54051242032111
42335022332000
35523144422110
31412112231112
44230114210111
33125200011100
21140224120111
51555434201211
10131432420211
44112003401100
34324430140111
02313213220201
45434233001210
43532241142021
41033300041002
32221323100222
32400402140020
52154111042010
50453020110001
25341001240021
10205213441000
55252400320020
20214340232111
25500300311011
04535120040000
05121312211100
11422324430010
12510034012100
15151110101100
40541413121101
40404404300221
31041224110212
53034022222120
25050113011222
53441312132222
43354301312021
22533034202022
34135443142220
30355041041112
25022440311201
45522141422220
54110203221021
54425302341222
totalCombNum,N,totalRuntime are 2074 57 2912


23243402000200
10103001030022
05015421131002
11301043302020
10544202330102
02040040401202
30020011300100
01204030400200
53300333430002
22042130410100
13004024220102
00411104340001
24445341020000
00302104002020
54051242030001
42335022330202
35023044420010
30402112230102
04230114010101
33125200011020
21140224120102
51500404201001
10031402400202
44112003402010
34324430140201
02313213020200
45434233001010
03532241142000
41033302040001
32221323102010
32400402140020
52154111010010
50403020010001
25341001240010
10205210441000
55252400320020
20214340230200
25500300311011
04535120040000
05120302210002
11422324430010
12510034012100
15151110101100
40541413100101
40404404300221
31041224110212
53034022222120
25050113011222
53441310132020
43350301012001
22533034202022
30135443042201
30355040041110
25022440311201
45520141422220
54110203221021
54425302341222
14103030301002
01250031400002
03010100302010
30503100400101
31012112000202
40200300200100
51555034201001
10101432020011
02010200200201
20453020101020
totalCombNum,N,totalRuntime are 2074 67 2430


01201314101222
31412112032111
02222420422021
30245403230001
20323012120122
41030002220111
53513240202221
42044213111022
51520133341011
52505014331100
10114340320110
33435134120221
15125204000001
23254001042121
14150410131020
45103443021100
25332313241010
54542301120110
44015420142002
35441030312020
43021311431101
40052134301200
11143124440200
13102211111112
04304100041101
03151203220011
30000223442001
50531421011000
04233232330010
23340422311110
12131142242102
32453301310012
21355241411010
32310334002212
34424444211210
05210141111101
15554022431202
24111003400210
31134430400101
00405322200111
00542041000000
20001140030100
10301031231210
53222124201122
12420143442022
01044001331202
22545024322020
15221424412202
52124330432122
40300302412221
55025042221220
24405231120012
30513110340222
51355312342222
42243414142220
11023343122212
55411033330001
40402112102121
43552024032122
totalCombNum,N,totalRuntime are 2074 59 2957


01201314101222
31412012040020
02222400422001
30245403230001
20323010120020
41030030200100
50503200000201
42044213110010
51520133340010
52505014331100
10114040320010
03035130400220
15020204001001
23254001042021
14150410130020
45103443001101
25332313240010
54542300120101
44015420102001
35441030010201
43021311431101
40052134300201
11143124400100
13102201010101
04304100041000
03151203220010
30000223042020
50500421010020
04233232330010
23340422300100
12131042242102
32453001310200
21355240411020
32310304001010
04404440211010
05210141110102
15554022401010
24111003400202
31134430400101
00405322200111
00542041000000
20001140030100
10301031231210
53222124201122
12420143442022
01044001331202
22545024322020
15221424412202
52124330432122
40300302412221
55025042221220
24405231120002
30513110340222
51355312342222
42243414142220
11023343122212
55411033330001
40402112102121
43552024032122
40030002020010
03513240200020
33430104120020
15125002001001
50531021011001
34024044200101
totalCombNum,N,totalRuntime are 2074 65 2655


35001122240212
33104243011222
14424121321221
25152340122010
00253142200200
34310334101201
24542002231101
02450221211011
13023211132111
20345341300012
51413323042111
31040212420000
22441033102221
54211210310002
41505130111221
53315033220000
40331231022100
42034310242120
20520221041010
12225332412111
44133044410021
25343430011011
52322103440002
32503404322102
52140142032011
03551304430111
50012204111221
43432422100112
30405020431200
01354032331022
45230403330120
04055443042110
55514401400000
23244124141011
31202011021010
11121444201000
15455214000101
05022030301110
13140030341002
10534413101211
01135100021110
00111111111010
00104323312220
44444244240220
21335311132200
14301121300122
14412104430222
33531344222202
23000210422101
25413042430012
53254300221122
55503132210121
34054410302202
45255142441021
00042323031222
44211344042122
41522232420201
32323023012010
52330003121222
32512002342120
totalCombNum,N,totalRuntime are 2074 60 3127


35001122040201
33104243011222
14424020320021
05002040100201
00253002200201
34310334101010
24542002230101
02450201210200
13003201030020
20345041300002
51413323040020
31040212420000
22441033002020
54211210310002
41505130111221
53315003220020
40330231020102
42034010240020
20520221040010
12225030302002
44133004410202
25343430011001
52322103440002
02003404320200
52140142032010
03551300430100
50012204111221
43432422100110
30405020431001
01354032330002
45230403330020
04055443042110
55014401401001
23244124140100
31202011030010
11121040200100
15455214000101
05022030301110
13140030341002
10500403010211
01135100021110
00111111101010
00104323312220
44444244240220
21335311132200
14301121300122
14412104430222
30531044222002
23000210422101
25413042430012
53254300221122
55503130210101
34054410302202
45255142441021
00042323031222
44211344042122
41522232420201
32323023012010
52330003121222
32512002342120
25152300122001
02050021040001
04050020210010
13023010130201
12025302010200
11121404200202
10534013000011
totalCombNum,N,totalRuntime are 2074 67 2699


03034420230112
01102202431100
11511130032220
45132112302101
30223300122201
22345210000211
05541011122222
04355334101001
54142140111210
30451214031102
15004314110002
42414101421002
24531404442011
55315402020011
24054243022021
51524034200102
34410312241102
33305113242122
14322021330110
51253411441200
10301241201111
02420442112121
25243122231000
13440003401121
12152424220200
44303423000210
35550040340010
20112023140120
52501323330111
23122331011012
43551102211101
53430221122220
30144432341210
03213244310022
31035323410010
21400030320111
12233032040101
40335040411101
41340344131021
45021233441111
00020113040001
32012001301110
50043132041212
25432134012020
44130311422021
40121220212020
43443410311222
02143121142202
10115004432020
04214332220202
14230344212222
41225110302112
35201202202120
00523241302020
11354304331202
21505211132200
31425233122222
31502040300222
30242443220011
totalCombNum,N,totalRuntime are 2074 59 2883


03030000201010
01102202402000
11511130030200
45132112302101
30223300120202
22345210100201
05541011120202
04355330101020
54142140110010
30451214031102
15004010100100
42014101421002
20501404040010
55315402020201
24054243002021
51524004200020
34410310240010
33305100242000
14322021330110
51253411440202
10301241201111
02420442112120
25203022231010
13440103400102
12152424220200
44303423001010
35550040340010
20112023140120
52501323330101
23020301010202
43551102011001
53430221102010
30144432341210
03213244010010
31035023410101
21400030320111
12233032040101
40335040411101
41340344130101
45021233441010
00020113040001
32012001301110
50043132041212
25432134012020
44130311422021
40121220212020
43443410311222
02143121142202
10115004432020
04214332220202
14230344212222
41225110302112
35201202202120
00523241302020
11354304331202
21505211132200
31425233122222
31502040300222
30242443220011
03034420030202
15004304110000
40404000400102
24531000440100
03102331020002
totalCombNum,N,totalRuntime are 2074 64 2591


43113322341122
02340300012022
53031300041001
44251044110212
15355033441002
20552334222222
11012011111101
00435244310001
33020234432212
51525423211200
35422300140121
32215442021001
45044142221200
24321412321111
33454432011011
11130402120012
31141033301111
20243430240110
40125103030110
54142242432121
02124001240021
34533101011101
42032431301201
40510022442001
03202123021011
50314134101112
21234313432121
25103404012200
13323341200211
04005332101020
52403011420112
41300214040101
12504240320110
05511400431120
24410143241201
55250201300110
22053223130011
23545011102100
01153110410211
12441124332020
30001211231001
35332021231100
41415240400111
14224020000111
25053114012212
10202210032022
totalCombNum,N,totalRuntime are 2074 46 2210


43113322340022
02340300012022
53031300040001
44251044110202
15355033440002
20552334222222
11012001011101
00430240310102
33020234432202
51505020210000
35422300140021
32215442020002
45044142220202
24321412321020
33454432011002
11130402120010
31141033301010
20240430040010
40125103030020
54142242432121
02124001240020
34533101001001
42032431301201
40510022442001
03202123021011
50314134101100
21234313432120
20100404010200
13323341200210
04005332101020
52403011420102
41300214040101
10504200320001
05511400431102
24410143241201
05050001001000
22053223130010
23545011102100
01153110410001
12441124332020
30001211201000
35332021230100
41415240401010
14224020000111
25053114012212
10202210032022
01010010010201
00435204310201
50520403210202
50020423210100
51020020200202
50243030240100
25103404002002
02504040300010
55250401300010
05050200100100
totalCombNum,N,totalRuntime are 2074 56 2090


43113322340022
02340300012022
53031300040001
44251044110202
15355033440002
20552334222222
11012001011101
00430240310102
33020234432202
51505020210000
35422300140021
32215442020002
45044142220202
24321412321020
33454432011002
11130402120010
31141033301010
20240430040010
40125103030020
54142242432121
02124001240020
34533101001001
42032431301201
40510022442001
03202123021011
50314134101100
21234313432120
20100404010200
13323341200210
04005332101020
52403011420102
41300214040101
10504200320001
05511400431102
24410143241201
22053223130010
23545011102100
01153110410001
12441124332020
30001211201000
35332021230100
41415240401010
14224020000111
25053114012212
10202210032022
01010010010201
00435204310201
50520403210202
50020423210100
51020020200202
50243030240100
25103404002002
02504040300010
55250401300010
05050200100100
totalCombNum,N,totalRuntime are 2074 55 2090


14443024042120
54152224301110
01523143200202
20505004332122
12155413131010
05220424031210
03151101322020
11224210321112
21310401141012
00442310112100
24222132130001
23444433400010
31250030412221
25153311010012
24131410210221
53500112040100
40154242242001
41035334021001
51441322430010
45311014101110
53225041210002
10030121401011
44410343310012
22440221221211
02532032340012
43504321130211
50313432322211
04315220440210
34102411420101
13312302231221
35445102300000
15501230211100
32314124211011
42223100402021
30221323040002
55034003122121
33033240131100
45042444441102
11302243020101
52003340000101
04014202010101
23021244300120
02201131000010
50511303422022
35050214222210
50210441321122
45450110022222
30343143411222
31120004212221
13402303012202
24540233232222
14335043440220
22143201142122
53234022301122
31551432131212
02244023332001
42434002411220
43115334242211
55325144202222
35355410422021
15424432121210
totalCombNum,N,totalRuntime are 2074 61 3170


14443024040000
54152220201102
01523140200201
20505004030100
12155413130002
05200424031001
03150100320020
11224210300000
21310401140010
00402300110100
24222102130001
23444433400010
31250030412221
25153311030002
04131040202010
53500112040100
40154242040102
41035334001000
51441320430200
45311014101110
53225041210002
10030121000101
44410343310102
22440221221001
02532030340012
40504321130201
00313030300210
04315220440210
34002011020002
13312302230020
35445102300000
15501230211100
32314124210010
42223100402021
30221323040002
55034003122121
33033240130102
05042004040201
11302243020101
52003340000101
04014202010101
23021244300120
02201131000010
50511303422022
35050214222210
50210441321122
45450110022222
00343143011020
31120004212221
13402303012202
24540233232222
14335043440220
22143201142122
53234022301122
31551432131212
02244023332001
42434002411220
43115334242211
55325144202222
35355410422021
15424432121210
20505004302020
00040010100001
20031410210001
50303432022010
34100401401002
40042404441100
totalCombNum,N,totalRuntime are 2074 67 2801


23445001342201
14040342231002
41144214431201
52211303401210
31051012202022
44102300002200
13024331100200
11312044310011
01320203142122
24434103120121
25410430432110
04315414000101
03332142422000
31541130020120
20453242001201
54252234341100
12035230011111
50224040222111
35245122101011
51233421030022
00301031131112
42250121421220
45131043240210
22422114132102
33555403331002
10042423440000
53200013010020
30530314300121
05354320110212
35512211220021
02343433210010
34523021412111
43113310140012
32504442141210
23401224210101
15003104321100
40115102211000
21405341420022
44121432320110
02014020311011
05225101041001
13414341022122
23324430140202
11553412010212
00140200122212
54135022142121
00510221431202
35452423331122
25230314322112
53524232222020
40552334400220
12201043322021
11103130302022
20001404031221
53320102042021
51044200411212
22550043432222
42351203232222
44045413231120
22153144241000
35342311302111
55421422212221
30101121141202
41434004430002
04443314321111
totalCombNum,N,totalRuntime are 2074 65 3424


23445001342201
14040040301002
41144214431201
52211303401002
31051012202022
44102000010201
13024301102000
11312044310011
01320203142122
24434103120121
25410430430020
04315414000101
03332040420001
31541130040100
20453242000001
54252234300000
12035230011001
50224040200020
35245122101011
51003021030001
00301031131112
42250121420202
45131043200202
22022014030100
33555403331002
10002023440100
53200013010020
30530314300121
05354320110010
35512211220021
02343433210010
34523001410020
40013010140202
32504442140010
23001224210102
15003104321100
40115102211000
21005340420101
44121402320010
02014020311011
05225101041001
13414341022122
23324430140202
11553412010212
00140200122212
54135022142102
00510221431202
35452423331122
25230314322112
53524232222020
40552334400220
12201043322021
11103130302022
20001404031221
53320102042021
51044200411212
22550043432222
42351203232222
44045413231120
22153144241000
35342311302111
55421420212010
30101121141202
41434004430002
04443314321111
14010302230020
03032002400010
51233401030010
02402114130100
43103302040202
totalCombNum,N,totalRuntime are 2074 70 3166


23445001342201
14040040301002
41144214431201
52211303401002
31051012202022
44102000010201
13024301102000
11312044310011
01320203142122
24434103120121
25410430430020
04315414000101
03332040420001
31541130040100
20453242000001
54252234300000
12035230011001
50224040200020
35245122101011
51003021030001
00301031131112
42250121420202
45131043200202
22022014030100
33555403331002
10002023440100
53200013010020
30530314300121
05354320110010
35512211220021
02343433210010
34523001410020
40013010140202
32504442140010
23001224210102
15003104321100
40115102211000
21005340420101
44121402320010
02014020311011
05225101041001
13414341022122
23324430140202
11553412010212
00140200122212
54135022142102
00510221431202
35452423331122
25230314322112
53524232222020
40552334400220
12201043322021
11103130302022
20001404031221
53320102042021
51044200411212
22550043432222
42351203232222
44045413231120
22153144241000
35342311302111
55421420212010
30101121141202
41434004430002
14010302230020
03032002400010
51233401030010
02402114130100
43103302040202
totalCombNum,N,totalRuntime are 2074 69 3083


04102140110021
33400202442122
50311102012110
25402034032110
21351131441221
55331343242220
12503303410200
44450423010110
03301210021200
45244000421111
10420041320212
42321424132122
43513241300010
15055212100100
41122332011210
13234444031222
00132223400011
53152104311012
20540442431120
24224213211010
04025401432100
31035043311002
54533132120111
30254330131000
32112411220011
51410214431101
52245230000100
51204421300011
40005114240010
23015323120221
35523120041011
22430100200000
34341314300222
01551014222112
02214132342010
05441321111101
13042133230001
25110430331102
14312022240011
11141400142001
02053040101110
53021010002020
41134011011101
05424202242122
21105302122222
54320013232201
13034210042222
00143322132202
14504124032202
42435111420022
00220332401222
21403414320201
30315442222222
34030021140212
55343044112021
53525441342120
15532303440002
35242222321201
40253224302122
55354143001222
01513131200201
22251101221122
totalCombNum,N,totalRuntime are 2074 62 3184


04102040110020
33400202400101
50311002010202
25402034032110
21351031440201
55331343242220
12503300410002
44450023040000
03301200021010
45244000421111
10420041320200
42321024130101
43513241300010
15055212100100
41122332010210
13234444031222
00132223401001
53152104310100
20540040401020
24220213001010
04005401432010
31035043311002
54533132120100
30254330130000
32102411202000
51410214430101
52245230000100
51204421300011
40005114240010
23010303102001
30523101041000
22430100200000
34341314300010
01551014222112
02214002340201
05441321111101
13042133200101
05110430331010
14312022240011
11141400140002
02053040101110
53021010002020
41134011011101
05424202242122
21105302122222
54320013232201
13034210042222
00143322132202
14504124032202
42435111420022
00220332401222
21403414320201
30315442222222
34030021140212
55343044112021
53525441342120
15532303440002
35242222321201
40253224302122
55354143001222
01513131200201
22251101221122
02003003020201
40050403010102
20204200210010
23015020102001
totalCombNum,N,totalRuntime are 2074 66 2840


54432423101001
41141234102022
33311121402221
04045324222222
22400204022111
03505312000010
33150443222101
34103210340200
05221403041221
02134141012201
15122322032021
42353302140112
10501040122211
50145002441100
52451112230121
13434104241112
11345413311010
23245434130001
32545100000111
51230340301202
30424333311010
01453030430211
00332244330121
40200123210120
55553224411011
04320030101100
43022000010202
45445241320101
21522131241021
14253101030010
20054011301122
22510023341000
44534413431012
35000111130112
24111342411210
25333030200020
12000432401101
32222014422010
31031102321100
53023243342011
05214202111001
51304420020111
50013431021111
15312220202012
43244341212220
41402132132212
51215214430202
25425314302202
32535403120120
20052211012022
33240220240022
40411341030200
14355014422102
10342130242200
51143041142102
totalCombNum,N,totalRuntime are 2074 55 2794


54432423101001
40141234002002
30311021040020
05005020220002
22400204022000
03500312030102
03150403020001
34103210340200
05221403040200
02130141010200
10102302040102
42353302140102
10501040102002
50145002440200
52401110230021
13434104040000
01040413311002
23205030130000
32545100000111
51230300300020
30024033310200
01453030400010
00332244330101
40200123210100
55553224411020
04320030101100
43022000010202
45445041320101
21520101200101
10253101030200
20054011301122
22510020300020
44534413431012
35000111130112
20101300401010
25333030200020
12000432401101
32222004420010
31031102321100
53023043042010
05214202111001
51304420020000
50013431020101
15312220202010
40244340202220
41402132132212
01215214040202
25425314302202
32535403120120
20052211012022
33240220240022
40411341030200
14355010422000
10342130242200
51143041142102
03311101401020
04040020200200
04040324220020
30150440202000
02134101002000
15120022030020
10501000020201
02051002200201
11305003311000
23045404130001
30400333010001
01502030201000
04200101020001
20510003041001
24110340401010
24001042011210
03020203302011
totalCombNum,N,totalRuntime are 2074 72 2260


11535402331022
51042441010010
55515314421100
53431111102111
12500133110111
32230340042200
45240021130212
13313044000022
43154343342212
31114031210201
50200304310122
04210142141101
42411404402020
23220432221012
40025112012010
33002112431202
22343312200001
05104410400020
30555424101211
02052001321112
00332023411111
25451042010000
01421334030200
45032234242011
24525041440121
24134104120200
34441213321022
54353130232222
14022320101020
52124222030101
10344031421000
03545200212110
41303241121100
35323403341101
10401020242010
11250213400211
21010120322001
20112243231110
44501400011110
15140134301010
23004321020111
51041013040101
41205334102222
00341031330222
15241202132122
30453314401022
11330203312212
31133321312221
52202344241220
00053120432212
42233410322201
23543112432021
42534102220121
04415232330201
04204314042112
23420043322120
53454133201121
35315341230222
13121423421202
31512440121022
40442220440020
52145423312001
totalCombNum,N,totalRuntime are 2074 62 3173


11535402331022
51042441010010
55515310420000
03031111100001
12500033110202
32230340042200
45240021130212
13313044002020
43154343340101
31114030210100
50200304310122
04210142140002
42411400400101
23220430202002
40025112010010
33002112030202
22343312200001
05104410400020
30555424102010
02052001301010
00332023411111
05401040010201
01421334030200
05032234242001
24525041440002
24134004120201
34441213321022
54353130202001
14022320101020
52124222030101
10344031421000
03545200212110
41303241121100
35023003000200
10401020242010
11250213401001
21010120322001
20112243031010
44501400011110
15140134301010
23004321020111
51041013040101
41205334102222
00341031330222
15241202132122
30453314401022
11330203312212
31133321312221
52202344241220
00053120432212
42233410322201
23543112432021
42534102220121
04415232330201
04204314042112
23420043322120
53454133201121
35315341230222
13121423421202
31512440121022
40442220440020
52145423312001
50430011101002
02050001020020
25051002010020
00323403040010
totalCombNum,N,totalRuntime are 2074 66 2875


