3345201010111000
2500221231101010
1442102030001111
0253331310101111
2454013110011000
2322331021000001
3004233021110101
3212220110111010
4102013321001010
0525103131001010
4351222021011100
5303001201110100
2330333100010111
5124122210110001
5055300300000110
5552000000000011
3153333230101111
0314113331110111
3531100310100000
0032012231011110
5241033231101111
1513332220010000
4544310130000100
3420012301011000
1135023111111011
2205112121110000
4223010010111100
2043120300110010
1021211301010100
5433200121001100
0140200020100111
5010111110101000
0401321000111101
4415130201100110
4234001001001101
2111101101001110
1250100010010100
1304010011000110
4010011010110100
totalCombNum,N,totalRuntime are 1556 39 1236


3345201010001001
2500221230001000
1442102030100101
0253331310100101
2454013110101001
2022302001010001
3004233020010101
3212220110100000
4102013320010001
0525003131000010
4351222021000100
5303001201110100
2330333100001010
5124122210000100
5055300300000110
5552000001001001
3153003030100010
0314103030010001
0501030010101001
0030002030100010
5241033231000011
1513332220010000
4544310130000100
3420012301001001
1135023110001001
0205010201010100
4223010010111100
2043120300010010
1020201001000100
5433200120001000
0140200020100010
5010111110101000
0401321001010000
4415130200101010
4234001000010100
2111101101010010
1250100010010100
1304001011001010
4010011010110100
2322031020001000
3150330230100100
0314010330000100
3531100300100010
0032010201010010
2205102120010101
1021210300100101
totalCombNum,N,totalRuntime are 1556 46 1109


3345201010001001
2500221230001000
1442102030100101
0253331310100101
2454013110101001
2022302001010001
3004233020010101
3212220110100000
4102013320010001
0525003131000010
4351222021000100
5303001201110100
2330333100001010
5124122210000100
5055300300000110
5552000001001001
3153003030100010
0314103030010001
0501030010101001
0030002030100010
5241033231000011
1513332220010000
4544310130000100
3420012301001001
1135023110001001
0205010201010100
4223010010111100
2043120300010010
5433200120001000
0140200020100010
5010111110101000
0401321001010000
4415130200101010
4234001000010100
2111101101010010
1250100010010100
1304001011001010
4010011010110100
2322031020001000
3150330230100100
0314010330000100
3531100300100010
0032010201010010
2205102120010101
1021210300100101
totalCombNum,N,totalRuntime are 1556 45 1109


2130310101111010
4013010101000011
5455313020001101
4232303110011110
0535212130010110
5134010011010110
0320111220011101
1250002110001000
2541023321001010
4104222221001110
0414000310101001
1112230330000111
4121001110000001
5243231221101010
2034031111111010
4554110101010001
2215121020110111
1503301011111010
2352000231001101
3145100101001111
5311312131101110
1344213010100111
0153323131100011
5522120101100111
0042302001011010
0201030100000011
1431110220001011
3510333211100000
3051200020111100
4440220030011000
2423232000001101
4355131300111000
3224311331001110
1025023200100101
3333122311001100
5000103330110001
3402011121110111
2305010111101011
totalCombNum,N,totalRuntime are 1556 38 1234


2130300100010010
4013010200010101
5455303020100001
4232303010101000
0535202130010000
5134010010000100
0300103020001000
1250002110001000
2541023320001000
4000302020010010
0414000310101001
1112200300010000
4121001010001001
5243231221000101
2034031110001010
4554110101010001
2215121020100001
1503301011010000
2352010230100010
3145100100000010
5011012130010010
1344213010100000
0153323131100010
5522120100010110
0042302001011010
0201030100000011
1431100220001011
3510333210101000
3051201020100101
4440220030010010
2423232000001101
4355131300010101
3224311330001110
1025023200100101
3333122311000100
5000103330010001
0402001101000010
2305010111101011
0020011201000100
0320100020010101
0204200200010010
0104022220100000
1112030030100101
5311302001001010
3402010120110100
totalCombNum,N,totalRuntime are 1556 45 1119


2130300100010010
4013010200010101
5455303020100001
4232303010101000
0535202130010000
5134010010000100
1250002110001000
2541023320001000
4000302020010010
0414000310101001
1112200300010000
4121001010001001
5243231221000101
2034031110001010
4554110101010001
2215121020100001
1503301011010000
2352010230100010
3145100100000010
5011012130010010
1344213010100000
0153323131100010
5522120100010110
0042302001011010
0201030100000011
1431100220001011
3510333210101000
3051201020100101
4440220030010010
2423232000001101
4355131300010101
3224311330001110
1025023200100101
3333122311000100
5000103330010001
0402001101000010
2305010111101011
0020011201000100
0320100020010101
0204200200010010
0104022220100000
1112030030100101
5311302001001010
3402010120110100
totalCombNum,N,totalRuntime are 1556 44 1119


5211002101111010
2132030211100001
2554201331000000
1000320101110011
3242022300010111
3025201121010110
5545331030110100
0250211021111011
0141210010010011
4153102100101110
0335012301111010
3530132111001011
2205013111000111
1455113001010111
3413233331010111
3351330231001000
0014332310011011
1344003121100100
1322202001100101
5303200210001100
1233301031110111
4224130201111000
4031223330010111
2043112221110100
0523023200101000
2310121000101000
1501130320011011
2421301111000000
5434120021101001
4440001210001011
5052021011101111
5120013331011111
4512313021001011
3104311020110000
1115020211010101
0402102130001100
4305121300100010
totalCombNum,N,totalRuntime are 1556 37 1181


5211000100100100
2132030200100010
2554200330000101
1000320100010100
3242022301010000
3025200120010010
5545331030010010
0250201020001000
0141210100000101
4153102100101001
0335012001011010
3530132110001010
2205013010001010
1455113001010000
3413233030010101
3351330230100000
0014302300100010
1344003120000010
1322202020101001
5303200210000101
1233301030010010
4224130201000001
4031223030100100
2043112221110100
0505003200101001
2310121000101000
1501130320101010
2421301111000000
5434120020101001
4440001210001001
5052021010100110
5120013331000100
4512313020001011
3100311020010000
1115020211010101
0402102130001100
4305121300100010
5011002000010010
0205003001000001
0413200300000010
0004030310010010
1020202001001001
4031203001010100
4031020300100100
0523020201001001
3104011020001001
totalCombNum,N,totalRuntime are 1556 46 1038


3531200011011100
5040213330100101
5522121201000101
0005101111101011
3400033100001000
2543032110111111
1251111311000010
4242330001001000
5230021131001011
5203102021100110
5354132100101000
2052303030011110
5155010011101000
1102221111000111
0224233201111111
3123101331000010
3345001221110110
0313020301110011
1320312011010000
2425210321010110
3312111020000100
4021032120001101
5411311001111101
1444100020110110
0550110020010001
1515033131111101
3255322000001101
4453223211011001
2301220231001001
0141323120100111
0432032331111010
1033310200011100
4504311330011001
4110202200000110
4335113121111110
3014021110101110
2134131101010110
2210110101011101
totalCombNum,N,totalRuntime are 1556 38 1242


3531200010000000
5040010330010010
5522120201000000
0005101111000001
3400033010101010
2543032110100010
1251101310100001
4242330001001000
5230021030100101
5203002020010001
5354132100101000
2052303030001010
5155010010001001
1102221110100101
0224203200101001
3123101330010001
3345001221001001
0313020301001000
1320312010100001
2425210320100101
3312111020000100
4021002000000010
5411311000010100
1444100020010010
0550110020010001
1515033131000101
3255322000100100
4453223211010100
2301220231001001
0040300120000011
0432002030010000
1033310200001010
4504311330001001
4110202200100101
4335113121110010
3014020010100110
2134031001001010
2210110101011101
5040203300100000
0400030100100000
0020003020001010
0200230200010010
3021030120101010
0141323020000100
0032032301000000
totalCombNum,N,totalRuntime are 1556 45 1113


3531200010000000
5040010330010010
5522120201000000
0005101111000001
3400033010101010
2543032110100010
1251101310100001
4242330001001000
5230021030100101
5203002020010001
5354132100101000
2052303030001010
5155010010001001
1102221110100101
0224203200101001
3123101330010001
3345001221001001
0313020301001000
1320312010100001
2425210320100101
3312111020000100
4021002000000010
5411311000010100
1444100020010010
0550110020010001
1515033131000101
3255322000100100
4453223211010100
2301220231001001
0040300120000011
0432002030010000
1033310200001010
4504311330001001
4110202200100101
4335113121110010
3014020010100110
2134031001001010
2210110101011101
5040203300100000
0400030100100000
0200230200010010
3021030120101010
0141323020000100
0032032301000000
totalCombNum,N,totalRuntime are 1556 44 1113


2333020011011110
1200012310010101
4425001000110011
5235333200101100
0321032221011100
0414111100010110
0052003110101101
3020332111111110
4142122230111000
5043310001110011
1123233110000010
4254230010110101
2004300210100100
1015121020000100
0105320301000110
2545102111000110
5440223221110101
2222110320110011
5524023030110001
1344131300001000
3241020000100011
3512232301010001
3355211130001111
5302001010110100
1432300131010110
4310303230001111
5453112301111010
3134002021101111
2401233331101000
4031201330100001
5111111110011100
1551301220100010
2150121110000000
3403113210011101
4503111121001110
0530110001101010
0243201131000110
2213010100100110
totalCombNum,N,totalRuntime are 1556 38 1230


2333020010001000
1200002000000001
4425001001010010
5235333200101000
0321030201010010
0414111100010110
0052003010000001
3020032000101000
4142122230001010
5043310001010010
1123233110000010
4254230010010101
2004300210100100
1015020020000100
0100320301010001
2545102011001000
5040203020001001
2222110320010101
5524023030001010
1344131300001000
3241020020101010
3512232301010001
3355211130101001
5302001010110100
1432300131010010
4310303230100000
5050002301001001
3134002021010111
2401233030101001
4031201330100001
5111110110001100
1551301220100010
2150121100100101
3403113010001010
4503010120000100
0530110001101010
0243201131010101
2213010100100110
1200010310010001
0301032220101010
3020302100000100
1010120020000000
0105010300100101
5440220220001000
0453012300001010
2050203301010100
3003110210011001
totalCombNum,N,totalRuntime are 1556 47 1078


2333020010001000
1200002000000001
4425001001010010
5235333200101000
0321030201010010
0414111100010110
0052003010000001
3020032000101000
4142122230001010
5043310001010010
1123233110000010
4254230010010101
2004300210100100
1015020020000100
0100320301010001
2545102011001000
5040203020001001
2222110320010101
5524023030001010
1344131300001000
3241020020101010
3512232301010001
3355211130101001
5302001010110100
1432300131010010
4310303230100000
5050002301001001
3134002021010111
2401233030101001
4031201330100001
5111110110001100
1551301220100010
2150121100100101
3403113010001010
4503010120000100
0530110001101010
0243201131010101
2213010100100110
1200010310010001
0301032220101010
3020302100000100
0105010300100101
5440220220001000
0453012300001010
2050203301010100
3003110210011001
totalCombNum,N,totalRuntime are 1556 46 1076


3415231121011101
1521100300100010
4043320000100010
0441000001110111
2051133320000110
1433303221111000
0200133120010001
1102002000110010
2303200011101101
3340332310110011
5005003211110101
1545221221111011
4404011230000100
5331122130011110
0034232311001110
4532030101110000
0125311330101100
2420122210010111
5244120321011000
3022011100010000
1252101110111001
0553012331010100
4111113310000011
2235310100111011
1010030030010101
3130101001111010
2142213131000000
1324013001100111
2514001111100110
3213002031000000
3154320210110000
4221231200111100
5550210001000111
0312021221011110
5123131121001100
5412311300110101
3501323310001100
4355112020011100
4450300320111011
totalCombNum,N,totalRuntime are 1556 39 1276


3415230120010100
1521100300100010
4043320000100010
0441000001010100
2050130020001000
1433003220010001
0200033020010101
1102002000100010
2303200010100101
3340332310001001
5005000210010100
1545221221000101
4404011230000100
5331122130000010
0034030010100010
4532030101010010
0125300330101001
2420122210010101
5244120320001001
3022011100010000
1252101110101000
0553012330001000
4111113010000101
2235310101001010
1010030030010101
3130101010000010
2142213130010001
1324013000100010
2514001101101010
3213002031000000
3154320200100010
4021201020000001
5550210001001010
0312021201010100
5123130101010001
5412301300100010
3501323310100001
4355112020101100
4450300320111011
2051003320001000
1400303001000100
0200103101001001
5005003010010010
0034202311010100
4221230201001010
0012021020100110
0103031021010100
totalCombNum,N,totalRuntime are 1556 47 1142


5015303300111001
0404311120001000
1514111201000111
4542131010110000
5100231010010010
1445023021010111
1302001101101101
3520100121100101
5240023230011001
5354023111101111
3001033231000010
3413230301100011
4034222331111110
0253000031101101
2430001011011011
0535233211111000
1131310010101101
4310312031010100
1224232310101000
0112020310010100
5333130121110110
4205010111001101
2211120121111001
5422012230101100
1550301331010000
2503122300110100
0020120000010000
1043311310000000
0341202320010010
5521001001001111
3155112130011101
4123103221111010
2325331231001110
2052213120101110
4451130200000111
3232321001110110
2144000101010100
3344200011001001
totalCombNum,N,totalRuntime are 1556 38 1256


5015303300000001
0404311120001000
1514111201001001
4542131010101001
5100201001000000
1445003020100010
1302001101101101
3520300120000001
5240023230100000
5354023010010010
3001033000001010
3413230300000010
4034222030001001
0253000030100101
2430103011011010
0505200201010100
1131310010010000
4310312030010000
1224232310101000
0112020310010100
5333130120010100
4205010110000100
0011020100100100
5422012230101010
1550301331010000
2503122300100101
0020120000010000
3043310310010100
0341202320010010
5521001001001111
3155102130010001
4123003221001010
2020330230001010
2052213120001010
4451030201010101
3232321001110010
2144000101010100
3344200011001001
0100230300100100
1405020020001000
3001003030000010
3001030201001000
4030022301010000
0535003210000100
2211103020101010
1003001010000100
2325031201010101
totalCombNum,N,totalRuntime are 1556 47 1109


4555101110111001
3352311331101101
0130101221100100
1010001331110001
3003331121100111
0405023330000011
5412201020011010
2334220310010011
1433133101111011
1152322101111111
2250033021000000
1524313021010000
5300012100110010
4104233000000010
0323000010100000
0214311130010000
0542232110010101
5235300021110111
2113012211110010
3510221300011001
2502100111001111
2025222131101010
1315130200100100
3454112101100101
3145110110011101
3222013200100101
5121131330010001
1201210210101001
4032110030010001
4420310211101110
3531002001000010
4243122320001110
4311013020011100
5553220230101000
2441321001001110
5044003211011100
0051101100111001
1340011031100000
totalCombNum,N,totalRuntime are 1556 38 1238


4555001110001000
3352310330000100
0130101221001000
1010000331101010
3003331120010101
0405023330010010
5412201020010101
2334220310100101
1433133101001001
1152322010010010
2250033020101000
1524313020100001
5300012100100010
4104033010001010
0323000010100000
0214301130000100
0542232010010101
5235300021010100
2113012210010101
3510220301010000
2502100101001011
2025222130010010
1315130200100100
3454102001001010
3145110110001001
3222003200101000
5121131330010001
1201210210101001
4032010030100100
4020300210000110
3531002001000010
4243122320100010
4311003020011000
5553220230101000
2441321001001110
5044003210010100
0051100100110001
1340011031100000
4104203000100001
0210011030100001
4420010211100100
totalCombNum,N,totalRuntime are 1556 41 1138


4434211220010110
4511033200011010
2451300000110101
4150122111100101
3345021201010010
0401021331001000
2015112131000101
5212220100000111
0310301321111111
5352233230111001
3220033031001001
0455111110111011
4043303330101000
4322010001101101
3054200311001001
1135333331000110
3413013120010001
0544130030011101
3111000000101010
3331112111011011
2224323210001101
5021331121100010
5233102320010001
1000100200001000
5104113001010011
2142111020101001
2530210301011110
4205210021111010
5525000111000110
0123202201001110
1422100300111101
5440132001101100
1314012110101011
2303030010010111
0032023010110000
1553021020111111
1241201110000000
3502312100110100
0250001110000010
totalCombNum,N,totalRuntime are 1556 39 1196


4434211220010010
4511033201010010
2451300001000101
4150122110010001
3345021201010010
0301020330001001
2005010130100100
5212220001001010
0310301020101001
5352233230100010
3220033030000100
0455111110111011
4043303330101000
4322010001101101
3054200310100101
1135333331000000
3413013120010001
0544130030010001
3111000000101010
3331112100100001
2224323210000101
0020031021000010
5233102320010001
1000100200001000
5104113001000001
2142011020100000
2530210300101110
4205210020101001
5525000111001001
0123202201000100
1422100300010010
5440032010101101
1314012110001010
2303030010010010
0032023010010001
1553021020100101
1241200110101000
3502312100010101
0250001110000010
0401021030100100
2015102030100100
2005002030100101
0310301300010001
5021030120000000
5021301020101010
totalCombNum,N,totalRuntime are 1556 45 1110


4434211220010010
4511033201010010
2451300001000101
4150122110010001
3345021201010010
0301020330001001
2005010130100100
5212220001001010
0310301020101001
5352233230100010
3220033030000100
0455111110111011
4043303330101000
4322010001101101
3054200310100101
1135333331000000
3413013120010001
0544130030010001
3111000000101010
3331112100100001
2224323210000101
0020031021000010
5233102320010001
1000100200001000
5104113001000001
2142011020100000
2530210300101110
4205210020101001
5525000111001001
0123202201000100
1422100300010010
5440032010101101
1314012110001010
2303030010010010
0032023010010001
1553021020100101
1241200110101000
3502312100010101
0250001110000010
0401021030100100
2015102030100100
0310301300010001
5021030120000000
5021301020101010
totalCombNum,N,totalRuntime are 1556 44 1110


2030222031100010
4451011230001100
2111130001101101
4024231000110011
1253130131011100
2254113120011010
5344200101001100
5215001231011101
0155302100010010
0504032330001101
0432031021010000
1012301300011000
0310033211100000
2302121131010001
2525000201111101
3222303031101111
4200302010110011
1540011010100010
3045133221000011
5233102011001000
3350220310011000
3103011200010101
3414112110011000
0323010010000010
5001010110010010
5120020321100101
4142212230100000
4335110311000101
1321302020100011
2443310310111111
1134323211011111
5552330010110011
4513223121100011
3531111100101100
0241223301011010
1405223021101100
5420103101011110
0053131100001110
totalCombNum,N,totalRuntime are 1556 38 1185


2030022030100101
4451000230101000
2111130010000101
4024231000100101
1253130131010100
2254013020100000
5344200101000000
5215001230010010
0155302100010010
0504032330010101
0402001020010010
1012301301000000
0310033200100001
2302121130000100
2525000200000000
3222303030001001
4200301000010100
1540011010100010
3045133020100010
5233002010100000
3350220310011000
3103001200100001
3414112020101000
0323010010000010
5001010110010010
5120020321000100
4142212230100000
4335110311000101
1321302020010000
2443310310101011
1134323210101011
5552330010110101
4513223121000011
3531011100001010
0241223301000000
1405203001001000
5420103100011100
0053131100001110
2030202001010000
0432030020000010
1040130220001000
3040100201010100
0500100100101001
1405020201100001
totalCombNum,N,totalRuntime are 1556 44 1082


1144233321001101
4425102321001111
5520330020100100
0543112100110011
4004032011100011
5135112200101010
2401331201110101
2152232120111100
3505223110011101
4440113201010011
4113300311001111
1311112001010011
2220110110111110
5453201031100011
3333030001001110
1203001230011111
5254311301011000
2345001310100110
0451000110100010
5412023100001001
0324220201111100
5041100011000000
0032311330111111
2023123020000001
4350303130101100
2514100130110100
1530020300000100
4231213121100100
0215133030000010
3434100011101010
4552121211110100
3010201220101011
1055300101101011
3121021331001011
3242322130011011
0100012021000111
5302100320011000
1422001011111000
3551111100000110
2332023230000011
totalCombNum,N,totalRuntime are 1556 40 1316


1144233320001010
4425002320100010
5520330020100100
0543012101000010
4004032010101001
5135112200101010
2401331201000100
2152232120010101
3505223110011001
4440113201010011
4113300310001001
1311112001010010
2220010110001010
5453201030100010
3333030001001110
1203000230010100
5254311301010101
2345001310100100
0451000110100010
5412023100001001
0324220201010000
5041030010100000
0032301010011001
2023123020000001
4350303130101001
2514000130010100
1530020300000100
4031210120100001
0205130030100001
3434100011101010
4552021210100101
3010201220100101
1055300101010011
3121021331001001
3242322030100001
0100102021000010
5302100320011000
1422001011110000
3551111100000110
2332023230000011
0030011301010001
3002010030000101
4231203020100101
0210003030000001
0215030010000101
totalCombNum,N,totalRuntime are 1556 45 1204


4541222031010111
4554210111111011
5033223300100111
5414013011101100
0305233000111111
2004000230111100
2340021000101011
3255002020111110
2231111211100000
3430330130011000
4100012310010101
1151033100000101
0423012200010010
2113200120101010
1220203231110001
5203301111101001
5510032220011000
3042333111001000
3401201220101011
1015111330001001
0132001030111010
0050122110111010
2525333311000100
5145100231000101
2452002301110110
1502120020010011
1443111011011000
4212220200000110
4021103020001010
3311100310100000
5322110101011110
1334312121001100
3124321101001100
0244130321110000
4353331230000011
4435120111110110
3533111101111100
0511301000101011
5251122330111111
totalCombNum,N,totalRuntime are 1556 39 1290


4541222031010111
4554210010101011
5033223300100001
5414013001001000
0305233000010100
2004010030001001
2340021000100100
3055000020000010
2231110210010000
3430330130010101
4100010310000101
1151033100000101
0423012200010010
2113200120101010
1020203031001001
5203301111010100
5510032220010010
3042333110001001
3401201220101010
1015011330101010
0132001030010101
0050122110010100
2525333310010100
5145100201000101
2452002301101001
1502120020100101
1443010010010001
4212220200100101
4021103020001010
3311100310100000
5322010020100010
1334312121001000
3124321100101010
0244130321101000
4353331230100001
4435120101000010
3533111101001001
0511301000101011
5251101030111110
5004000200010101
3205002000000001
4100002030000010
1220203230100100
totalCombNum,N,totalRuntime are 1556 43 1163


1021313011000110
1244110101100111
3054231231101100
5043320020001011
0420300131000011
4334002221010110
4441111120110111
5311030330110101
1305313130011101
3231300110100110
2501222210010110
3323121311000000
1553202331001010
5124312201101001
2145001031001010
3540112211111100
0342233300110100
1130221110101101
2224103320110100
3102130021101011
5404212111001101
0514321020001101
0203000210011000
5255111120111110
0035112331101101
0151000301011001
4525230111000110
2433331301100111
4252322031000110
1210232020011110
5532003001001011
4113113111100001
2012000110010100
4000001300111110
3415023201011011
2350013001100011
1422011200011011
5450011010000110
totalCombNum,N,totalRuntime are 1556 38 1233


1021003010100000
1244110100010101
3054230230000010
5040320200000101
0420000130010010
4334002220010010
4441111020001010
5311030330000001
1305303130011010
3231300110100100
2501222200010101
3323121310010101
1553202331001010
5124312201010101
2145001030101000
3540112200100000
0342233300100100
1130221101000001
2224103320101010
3102130021001010
5404212110101001
0514321020100001
0203020210101001
5255101120100000
0035112330100000
0151010301010000
4525230110100101
2433331300100010
4252322031000101
0210230020010100
5532003000001001
4113003010010101
2012000110010100
4000101000110001
3415023201001010
2350013001100001
1422011201010011
5450011010000110
5043020020100000
3040012011000001
1010032020010101
0113110100000010
4000020300001100
totalCombNum,N,totalRuntime are 1556 43 1117


5312311311110101
2523311100110100
4333121120111001
4145303201111110
2050230221010010
3130312021010100
5154101131110001
1031000110010111
1455322301001111
2344102011011011
3411103021111001
0440032110010000
1113232231001100
5043223330111110
4424201111101101
1242211020001010
3234031310001000
3303101210010110
4002332100010001
3552122030100100
4510120330010000
5200001101011001
3541230110001011
1320133011100111
0122000320100111
0305210231010000
0014320000101010
5535130021111001
0531201100110101
2432013230100010
0253103110000110
5221322231010000
2215010110100100
2101021311101011
1504013220100101
3025111001000001
4351010000001111
5403010001101111
4210223321001111
totalCombNum,N,totalRuntime are 1556 39 1254


0302310311010101
2523301001000001
4333020120000101
4145303200001000
2050200220101001
3130312020010001
5154101130010101
1031000110010010
1455322301001010
2344102001010001
3411103020010010
0440032010100000
1113232230101001
5040023000010101
4424201110101010
1242211020001010
3234031301010001
3303101210010100
4002330100001000
3552122030100100
4510100330010000
5200001101011001
3541230110101010
1320133010100101
0122010320100100
0305200230100000
0014020000001010
5505130020101010
0531201000110100
2432013230100010
0253103110101001
5221322231010000
2205010110100010
0105021010101000
1504013200100000
3025111001000001
4351010010001011
5403010101100111
4210223021001110
5312001010010000
2050030200001000
5043203330100100
4002002101001001
0014300020101000
5035130200011000
2015010100010100
2101020301010010
totalCombNum,N,totalRuntime are 1556 47 1108


4013200221011000
5412232011011101
4202031021100010
5120301301110111
0355102011001110
0404300210000010
2425121220011100
2031332320100101
3021012200010100
3200223301111101
0532201100011011
1103102131111011
5333023020100011
2152213230110100
3134131021100101
1441003300110000
2524000131111110
3342310331011111
4430112131111111
0040113120101111
2210000100100000
5244222110010101
2543311001001101
0223333330001001
4145030210001111
3453101110111011
5005311130111010
1235210211011100
5251100201111011
1314311200000001
0111021030000001
1022120010111110
1550032221011010
3515123301100011
4054323310101000
4501011011100111
2300000011100100
4321230101100101
5521230200010010
totalCombNum,N,totalRuntime are 1556 39 1258


4013200221000010
5412202010010010
4202031020001010
5120301301001010
0355102001000001
0404300210000010
2425120220100010
2031302320101001
3021012200010100
3200223301000101
0532201100010000
1103102130000000
5333023020101010
2152213230010100
3134130020100001
1441003300010000
2524000131111110
3342310331010001
4430112031010100
0040113120101010
2210000100100000
5244222101000101
2543311000000101
0223330300100001
4145030210000101
3453101110011001
5005300130010010
1235210210101000
5251100010010000
1310301200000001
0111021030000001
1022120010110100
1550032021010010
3515123301001010
4054323310101000
4501011011100111
2300000011100100
4321230100010101
5521230200010010
0410230020001100
2030030320000010
0223033030100100
5005011030100000
1314011200101001
totalCombNum,N,totalRuntime are 1556 44 1138


1515230230100010
5254133031101101
1431013300001001
3223201310010110
3542332320100000
4100101331111000
0201232210100000
0520023220101110
3334301230001101
2551000000001001
4352213100101001
3121330031101111
1153122220011001
2403333010000101
4043010230111110
2030230201010000
2425112031110100
4235122020001111
4411131011111011
5533111111100110
0313120000101001
2114000311111100
2212310101101111
3450321131111100
5402220221111101
0132110131000100
1240011010001111
0444200021011111
1004312100010011
3305031101011001
5310002300010110
3012113020111011
2341121121011101
5145203100011011
0055321310000110
5021301100011010
1322001011111111
4524321001010110
5500012201000111
totalCombNum,N,totalRuntime are 1556 39 1282


1515230230100010
5254133031010000
1431013300001001
3223201310001001
3542332320100000
4100101330000001
0201032210010000
0020023220100100
3334301230101001
2551000000001001
4352213100101001
3121330030000010
1153022020010100
2403333010000101
4043030230100001
2030230201010000
2425112030000010
4235022020001000
4411131011111011
5533010111010010
0313120000101001
2114030311100101
2212300100101001
3450320130000101
5002020020101010
0132110030000100
1240011010010110
0444201020100100
1004312100000101
3305030101010101
5310002301010010
3010113020001000
2341121121010101
5140203020001000
0055321310100010
5021301100011010
1322001011011101
4524321001010110
5500012201000111
0001202020000000
0500103010000101
1150120220001001
5402220200101010
0102010101001000
5145003000000010
totalCombNum,N,totalRuntime are 1556 45 1147


2143010001000000
3310012201111011
0230231020000110
5034000001101000
3045200111111001
0101003101111110
4114211301010111
0553202031110111
4002032321001101
3531121311010001
3423333220110101
5120113211000000
1411210031011011
0442301300011111
1050103300110001
1222022111110100
3152020020101001
2215103321010110
2021211031011011
4340123030110001
0013321210010110
5512130100001001
1544313221111110
2332213230101101
4433000111101011
5243010330011110
5341332120101001
1135332131001011
3204011131110000
2454132110011101
5450101100100111
2500320000001001
5405221210010010
1303101111111011
4251300200010011
0324020311110011
0355111010011000
4525000001110100
totalCombNum,N,totalRuntime are 1556 38 1229


2143010001000000
3310012200100010
0230231020100000
5034003000001010
3045200110000001
0101003100010100
4114211300010001
0553202031001000
4002030020000101
3531121310010010
3423333220100101
5120100211000100
1411200030001000
0442301300001000
1050103300100100
1222022111010100
3152020020101001
2215103321000000
2021010031001010
4340123030010001
0013020200100100
5512130100001001
1544313220010010
2332213230101101
4433000111001000
5243010330001100
5341332120101001
1135332031001010
3204011131001001
2404132010010101
5450101100100111
2500320000001001
5405221201010000
1303101010100000
4251300200000010
0324020301100010
0355110010011000
4525010100110100
4002032300000010
0120103010010001
0400010030010010
2020211030001010
0010320210010100
2054032110010100
1003001020010011
totalCombNum,N,totalRuntime are 1556 45 1103


4003230101000000
3333133321100010
4110003301100100
2101213211101111
0553010210001100
3412321201111011
0015111121110010
2052012320110111
0441100301111010
3040211000101010
2423023031100110
5351211011110110
3221031111010001
3505310031110111
0204220320011111
2242100010111000
0132233230101000
5400101220000011
1143321121111001
5031323010011111
5125110311001110
4251303130000000
3154102010101101
1511212021110010
4345022230010111
1230110330000011
0320332001111111
1302002110000100
1455233101000001
1024201230100100
4522311320100001
5213002230000001
4434112011011000
2314330011100010
5544033101010101
2235001101100111
2550120111001110
5532200221001110
totalCombNum,N,totalRuntime are 1556 38 1267


4003230101000000
3333133320001010
0110003001010100
2101213200000001
0553010210101010
3412320201001001
0015111120000001
2052002320101010
0441100300101001
3040210201000001
2423023030000101
5351211010110101
3221031100010100
3505002031001001
0204220320010010
2242102010011010
0132033230100100
0400101201000001
1143321120111000
5031300100010010
5125100310000101
4251303130000000
3154002010101000
1511202021001010
4345022230010100
1030010030001000
3020030000001010
1302002110000100
1455233101000001
1024201230100100
4522311300100001
5213002230000001
4434112010011010
2014302010100010
5544033101010101
2235001001101011
2550120111010101
5532200220101110
4110300301010010
0505302030100000
5400101020100010
5031023010010001
1200110330000010
0320332001010101
4022001020010001
2314030010101010
totalCombNum,N,totalRuntime are 1556 46 1133


1440123230000111
4215032101110010
2345320111111000
5434011210001101
3004222320100110
3350203200001101
2510212031010011
0533101000101011
0100020111010100
1303033331011101
1234100110100100
3412130121101111
4143201120101100
0314111220100001
2202111320010100
5152001030011101
4554020330001000
4020310201110101
5244310030101110
3135311031011110
1111302300100010
5230231321010111
1055131020101111
2124133201110101
0425201331001010
5505303221101000
0251113221100100
3541030310011101
5321102000001110
4332123010101010
4401221001111001
0042332200010001
3223020221100001
1522210110001100
5013123110011100
2453312110011001
2031002131001001
totalCombNum,N,totalRuntime are 1556 37 1212


1440123230010010
4215002001010010
2345320111010010
5434011210001101
3004202020001010
3350203020101010
2510202030100100
0533101000001010
0100020110001000
1303030030001000
1234100110100100
3412130121000100
4143201120000001
0314011201001001
2202111320010100
5152000030101010
4554020330001000
4020310201000101
5244310030101001
3105010030101010
1111302300100010
5230201300000000
1005101020101001
2124133201110101
0425201330101000
5505303221010001
0251110220010101
3541030310010101
5321102030000110
4332123010101010
4401221000010001
0042332200010001
3223020220101010
1522210110001000
5010003110100101
2453312110011001
2031002131001001
0205030100000000
4005030000000001
3004022300101010
2050200201001001
1303033301000100
3135301000100101
5030230020010001
1055031000010011
0201013000100101
5013020101000100
totalCombNum,N,totalRuntime are 1556 47 1077


3503003200011001
4042000201010101
0005212120011010
4154322231111111
2123010111101100
2440033121100011
4511231211000110
1545120311110001
5243221131001111
5312002121100001
2255100200000101
2301220300000010
3050123310011101
1033030021010111
5404111210001100
5135033300111010
3452210011111110
0353130300111001
1320202201010100
3524030021011101
1102011011110110
3231112211101001
0430321000111111
5021300011000101
4413302320110000
0544112000010101
4425111320011011
0222123031011001
1214020320011010
2014011031100001
5550001120001010
3345311031000101
1451303130101111
4200330030010110
4334203110111000
2532332330111100
0141000221110010
3110113101001110
0115210110101000
totalCombNum,N,totalRuntime are 1556 39 1252


3503003200101001
4042000201010101
0000202020001000
4154322230000011
2123010110100100
2440033120100001
4511231210101010
1545120311001010
5243221130100001
5312002120000101
2255100200000101
2301220300000010
3050123310000100
1033030020000100
5404110200010001
5135033300101010
3452210011001000
0353130301010010
1320202201010100
3524030020010010
1102011010010010
3231112211101001
0430321000010101
5020303010010100
4413302320010101
0544112000010101
4425111320010000
0222123030101001
1214020320010000
2014001030101010
5550001120001010
3345301031000000
1001300130100101
4200330001010010
4334203110111000
2532332330011000
0141000221001010
3110113101001110
0115210110101000
0005002120001000
1003002001010010
5021001001010010
2004010031000010
0300310030010000
1451003030101010
totalCombNum,N,totalRuntime are 1556 45 1148


3503003200101001
4042000201010101
0000202020001000
4154322230000011
2123010110100100
2440033120100001
4511231210101010
1545120311001010
5243221130100001
5312002120000101
2255100200000101
2301220300000010
3050123310000100
1033030020000100
5404110200010001
5135033300101010
3452210011001000
0353130301010010
1320202201010100
3524030020010010
1102011010010010
3231112211101001
0430321000010101
5020303010010100
4413302320010101
0544112000010101
4425111320010000
0222123030101001
1214020320010000
2014001030101010
5550001120001010
3345301031000000
1001300130100101
4200330001010010
4334203110111000
2532332330011000
0141000221001010
3110113101001110
0115210110101000
0005002120001000
5021001001010010
2004010031000010
0300310030010000
1451003030101010
totalCombNum,N,totalRuntime are 1556 44 1148


