5123111222020100110
6520101101012121001
6031023221220102000
4242323321122101111
0142333300001100000
2340132100110220110
3502303011120201111
6303331000212000111
0000311110000011111
1141002102012011100
2521320112101102011
1402321200021120100
2401200302100000010
5541030211202011000
4331310022211111010
0431131201112201101
0513022122110220110
1323001311001011010
3333120200000101100
5411321010110111010
5312113310011010111
6112010310111212101
3410032122120001111
4012100002110110001
6442213102201120010
1530212311111112101
3243111000001102011
4510001110011200001
5231200101001220110
0221010310200210000
6222232020000100100
1010130000111201001
1200013020210001100
3041211310112020010
0311200001022012000
4100101101010021100
4423232210000002011
2132220010001011100
2210001222202110110
5000322000201022101
3120111011201011011
2023013111020010101
totalCombNum,N,totalRuntime are 2175 42 1236


5103100020020200001
6520100102012021010
6031003220220102001
0240010320020000000
0142333300001100000
2340132100110220000
3502303001120200001
6303331010202001000
0000311110000011111
1141002102002010100
2521320112101102011
1402021200021020010
2401200302020101010
5540030201202011000
4331310022200002010
0431131201112200101
0013002002100220001
1323001311001011010
3333120201020101000
5410321010110010000
5312103300001000101
6112010300100212000
3402030020120201010
4012100002110110001
6442213102202010000
1530212301010002100
3243101001000002001
4510001110011200001
5231200101001220010
0221010310200210000
6222232020000100100
1010130000111201001
1200203020210001001
3001211300112020001
0311200001022012000
4100101101010021100
4423232210200102010
2132220010010010101
2210301202202102010
5000322000201022101
3120110010201010010
2023013111020010101
5120110202020102000
6030020021001002000
4040023010002020010
4202320300122001010
1000301200020120010
0503020022010220000
3010032122020101100
2210101020002010010
totalCombNum,N,totalRuntime are 2175 50 1055


4423321101101212001
3203232321211202111
3431300301010010100
2133101022001100011
1510101121111000010
6002331201011010100
6223113100022022011
4141231101211102101
0412112120000010000
0211030011010000010
0020100100211101100
3021013320022221001
1032223001011121010
0342223201102222111
3122110201101120110
5201003100100110101
2400030002121011001
2522201012202212000
5503122221111001001
1101112010100011001
2343113311200010011
6110022310201201100
0103000310122100000
3540211102020010001
5321131110010021100
4232001300001210100
0531301312001010011
6330310022111101100
3310120011120000011
5041010021011112110
1423012210020020111
1240332312202110110
2211320212210121100
4530133210112002110
6441200200010101110
1310110100100212001
5132313310221101101
6510010100110120100
5410203012202211001
4013110112110011001
2031102100100111101
4300002020021120111
totalCombNum,N,totalRuntime are 2175 42 1228


4423321100100212001
3200232020210202000
3431300301010010100
2133002022010100010
1510101121111000010
6002301202020010001
6203002001020002010
4141231101200102001
0412112120000010000
0211030011010000010
0020100100211101100
3020003320002020010
1032223010011020010
0042020201002220100
3122030201101120010
5201003100100110101
2400030000021001000
2522201002202202010
5503022221001001000
1101110201020011000
2343113301202020101
6110020310200200000
0103000310122100000
3540211102020010001
5321131020202021000
4232001300001200100
0531301310010010101
6330301022011002000
3310120011120000011
5041010020011002010
1423012210020020111
1040332302002102010
2210320200200021010
4530033210012002101
6441200200000101000
1310110100100212001
5132313000220101100
6510000100100120100
5010200010102010100
4013110112100201010
2031102100101010010
4300302020020120101
3003230301010202001
6002030201001010001
6220113100202002010
3001003020022201001
0302020202002022000
0340203010100200100
0200220000100202010
1240300302202010010
2201020012020100101
5030310300220001001
5410203002202201000
totalCombNum,N,totalRuntime are 2175 53 1024


4423321100100212001
3200232020210202000
3431300301010010100
2133002022010100010
1510101121111000010
6002301202020010001
6203002001020002010
4141231101200102001
0412112120000010000
0211030011010000010
0020100100211101100
3020003320002020010
1032223010011020010
0042020201002220100
3122030201101120010
5201003100100110101
2400030000021001000
2522201002202202010
5503022221001001000
1101110201020011000
2343113301202020101
6110020310200200000
0103000310122100000
3540211102020010001
5321131020202021000
4232001300001200100
0531301310010010101
6330301022011002000
3310120011120000011
5041010020011002010
1423012210020020111
1040332302002102010
2210320200200021010
4530033210012002101
6441200200000101000
1310110100100212001
5132313000220101100
6510000100100120100
5010200010102010100
4013110112100201010
2031102100101010010
4300302020020120101
3003230301010202001
6002030201001010001
6220113100202002010
3001003020022201001
0302020202002022000
0340203010100200100
1240300302202010010
2201020012020100101
5030310300220001001
5410203002202201000
totalCombNum,N,totalRuntime are 2175 52 1020


0213110212002011011
2010333110001122100
2322001211101010111
6510110111112120010
6031300002201000100
3101322221212121000
5042121302210201010
2101020122022202001
0330131300121121110
0000312110001110001
6223333320002112100
0121103011200211101
1132230202111021000
0440020012020100011
4532323110120001111
1341013122001012001
4031231211111201011
3411233201010010111
4402010311011112100
5201233000121110111
5420312001021220011
6143011200101100100
1501132301100102111
3523121102011210111
4323200000202000110
2540202301101001001
3311100311100102011
2430100120100110010
1212320101001210100
5300301121112010111
3030110210022100000
1023000020110000000
6403000100120021011
4240331110011021011
2233012000210110101
6302222100100211001
5110001310101100000
4111112022000100010
5533010201200002010
1410031110222001100
0502211021110002110
3242001011002001110
totalCombNum,N,totalRuntime are 2175 42 1176


0213110212002001000
2010303001001022001
2322001210102000101
6510101011012020001
6031300002201000100
3101020220201020001
5042100302200201001
2101020102002202001
0330030302020121000
0020302110001010001
6223333320102102010
0100103001020200010
1132230202110020000
0440020012020100011
4532323010020202010
1341013122001012001
4031231210100200001
3411233200010010010
4402010301010112010
5201233000020110100
5420312001021220010
6143010200201010100
1501132301020102110
3523121102011210000
4303201000200001010
2540202300101001000
3311100311100102011
2430100120100102001
1212320101001200100
5300301121112010111
3030110210022100000
1023000020110000000
6403000100120021011
4240330100011021001
2033002010210101010
6302222100100201010
5110001310101100000
4111112022000100010
5533010201200002010
1400030010202001000
0000211000100002000
3242001001002001101
2020030102000022001
3001010010200020100
3100302220202001001
5040020300200201010
2100020020020202010
0121003020202011010
4020203020202010101
2230012010202010101
1410201100220200101
0502203021010200100
totalCombNum,N,totalRuntime are 2175 52 983


5110212112110211100
1532211302021112111
6312000321120212001
6020102301110100100
5210323000022012000
1011120021101020001
3542003101102101011
5032113200210001001
0412131311112210001
3100110000020100011
6133333011011022110
4520121112101222011
4413032212220100001
3323212200101120111
1243112011202221101
6230000110010011100
1140011210202210011
4131112311011010000
1420030111211111100
2043300100020202100
2201121310110100110
3431323122001212110
2412313101201020100
5443001310101021011
5321010011122111110
4040210021212010010
0000000002000111001
0130100000020121111
6400211001202020110
2511201001000011101
0500312001111012000
6541220202201102101
2330131202102010000
3210000312211111111
4320301000100011110
0221233221011100101
2122022020101101010
0343121111210111001
3040031010001000101
4202303310111111111
1301303201000100100
5503031120100200011
totalCombNum,N,totalRuntime are 2175 42 1192


5110202112020200010
1532211302021002010
6312000320020202000
6020102300100001010
5200023002022002001
1011120020101020001
3542003101002000101
5002103202010001001
0412130301012201000
3100110000020100011
6133333000010022000
4520120112000222010
4413032202220001000
3323202200101020010
1203012001002020001
6230000110010011100
1140011210202200010
4131002301010010000
1420030100200111001
2003300102020202001
2201121310110100110
3431323122001212001
2412313100202020010
5443000310101020001
5001010302002101000
4040210021202002001
0000000002000111001
0130200020020121110
6000011001000020010
2511201001000011101
0500312010110002000
6541220202201102101
2330130202102020010
3210030300210101001
4320301000100011110
0200203020010100001
2122022020101101010
0340100100202001001
3040031010001000101
4202303310101101000
1300303201010100100
5503031120100202010
5010301010102000100
5032000200200010101
1243012001010200100
2040300100020202000
5321010101122010000
6400201001202000101
0221230220010200010
0021203001011000000
0303121010210110010
0303020100000100101
0340020011010010001
totalCombNum,N,totalRuntime are 2175 53 971


5110202112020200010
1532211302021002010
6312000320020202000
6020102300100001010
5200023002022002001
1011120020101020001
3542003101002000101
5002103202010001001
0412130301012201000
3100110000020100011
6133333000010022000
4520120112000222010
4413032202220001000
3323202200101020010
1203012001002020001
6230000110010011100
1140011210202200010
4131002301010010000
1420030100200111001
2003300102020202001
2201121310110100110
3431323122001212001
2412313100202020010
5443000310101020001
5001010302002101000
4040210021202002001
0000000002000111001
0130200020020121110
6000011001000020010
2511201001000011101
0500312010110002000
6541220202201102101
2330130202102020010
3210030300210101001
4320301000100011110
2122022020101101010
0340100100202001001
3040031010001000101
4202303310101101000
1300303201010100100
5503031120100202010
5010301010102000100
5032000200200010101
1243012001010200100
2040300100020202000
5321010101122010000
6400201001202000101
0221230220010200010
0021203001011000000
0303121010210110010
0340020011010010001
totalCombNum,N,totalRuntime are 2175 51 971


4120101212001212111
3213012201210021100
4012012001022101111
6503031001100200110
5510010302122002000
3002233022112120110
1010121212010001100
4541213310101011101
2023023011012000001
2422132011210001100
1522100121200111000
4300200110101220001
0031200100101112001
5433110010002100110
5330112022110001010
0122310000100021010
1241131011001022010
1413313110001201010
3321330010201012110
3530001310010210010
3140121120020111001
6200000100101001010
6413221302111122010
1332032311020110111
5042020210202210100
1102202100102102001
6133102011222011110
0313031011112010100
2111003321110202110
5221203101221220011
4443031222211010110
0541322111101200010
2530211211010121100
4232323210110101011
6342113200110000110
2302021000001001001
0200103320201101011
3400010100010101111
0401001202020101111
2241300102122010001
5100331110010110000
6021311320011101101
totalCombNum,N,totalRuntime are 2175 42 1197


4120200202001002010
3213012201200020101
4012002001022000010
6503030001000201010
5510010302022002000
3002233022102020001
1010121212010001100
4541213301010010001
2023023011012000001
2422132001202001001
1522100020202010001
4300200100200220001
0031200100201002000
5433110010002100110
5330002022010101001
0122310010100020101
1201130101020020001
1010010002000201010
3321330010201012001
3530001310010210010
3040100120100201010
6200000100101001010
6413220302000122000
1332032300020102010
5042020200202210100
1102202100102102001
6130102010020011001
0303031001112002000
2111003021000202101
5020203101020020010
4443031222210010100
0541322111101200010
2530211211010121100
4230320210110102000
6342113201010010101
2302021000001001001
0200103320201100010
3400010100010101111
0401001202020101111
2201300102002010010
5100331110010110000
6001301020101010101
4020100202010202010
5000102020110001001
1240001000000022001
1413303100101201010
3140020020020102001
6103020300222001000
0310030201000010000
2110100301100202010
5220203002021220101
5001200200020020101
4232003010102001000
2040300102120010000
6020311320011100100
totalCombNum,N,totalRuntime are 2175 55 1012


3011011010010111101
2530302202122022010
0233232300021010100
2120320101210100111
5030110100010001101
1502130120100112111
4331010201010110000
5322331300021210000
2343033210101111111
0311100311012121000
0442020122100020110
0030333211212012000
1213023101012100011
3340230101011222110
5223003210001101110
6111230212120112000
1130010100021121011
4220111012212222100
3202100210010001101
0520100001011201100
4003321310100110110
4510112011201201001
2020201311020101000
1041002302111002101
4142002110210110011
1301311001201201011
6320122022111011001
6241311001112011110
6032001220001221010
2212313021110011001
2401101111110200101
6400013311110001000
1420221210101010110
6543200100210110011
4413233021020002111
0101111001020000011
3431322020222202001
5511023322210110001
5441100100120112101
3103113322010221110
5102212001102120011
3521001121101110101
totalCombNum,N,totalRuntime are 2175 42 1234


3011011010010111101
2530302202122022010
0233232300020020000
2120320100202020010
5030100100201020100
1502030020200002000
4331010201020010100
5322331302020210001
2343033200201001010
0311000310102120000
0042020120000100000
0030333210212012010
1213023101002002010
3340230100020222000
5223003210101101001
6010030200100102000
1130010100021121001
4220110012002022000
3202100210010001101
0520100001011201100
4003321300100110100
4510112010101201000
2020200311020101000
1040100302011002010
4142002110010010010
1301310301201201010
6320122020010001000
6241011001002001001
6032001220201220001
2212313020201010101
2401101111110200101
6400013311110001000
1420221210101010010
6543200100210010010
4400233021000020100
0101111001020000011
3431322020222202001
5511023322210101000
5441100100120112101
3103100302000200010
5102212001102102010
3521001021101010101
1000130100000002000
0402020102002020101
6111230202020002001
4220101010200202001
1040202300101010100
6040302001002001100
0413003002020100000
0103103020010200110
3103013010010020110
totalCombNum,N,totalRuntime are 2175 51 1041


0011102111011000010
2000200221112220111
1313113220011011000
6143103120121101010
1202010002011222000
1410322100101000110
4342222302102201010
4111232011211002101
3211302220101101011
6433001222210012100
5130010000000001000
0122031220122102101
2102303020200000111
2321101200111211101
0243111000201020111
5301031100220111001
2510010002011100001
2231222111022010111
4201001110010111011
1032231300100000110
6320320310002000001
3541111301100210001
1141101101201121101
5012221210100102110
0301120310101110110
4030313021221110001
6041012111110011001
1521112011122011011
5503022021012220011
3023230112001001101
5440111002111111101
6512233100011221111
3402110011111111000
0420213111212201111
4421010101020121111
3330103011110122111
2443330311010122010
6200130001011101001
3111023312222211011
5221303320010010100
0531301102110212111
4543100200201110100
totalCombNum,N,totalRuntime are 2175 42 1239


0011102111011000010
3000200220100020010
1313013220102000101
6143103120020000010
1002010002001022010
1410322020000200010
4342222302102201010
4110232000210002001
3210302220100101010
6433001222201002010
5130010000000001000
0122001200022020101
2102303020200000000
2321101200111211101
0243111000201020111
5302030100220010001
2510010302000100001
2230220102022010001
4201001110010111011
1032231300100000110
6320320301002020001
3541111301100210001
1141101101201121101
5010221210010102000
0301120310101110110
4030313020221000100
6041012010102010000
1520302010120010100
5503022021002220010
3020030102010101001
5440111002111111101
6512233000201021010
3402100011001100101
0420213001212001001
4421010101020020010
3330103011010102001
2043330010010022010
6200130001011101001
3101023010202010010
5221303320010010100
0501301102010012000
4543100200201110100
2000100201002200100
1202010302010202001
0101030020102102010
0120030220020202010
2031202000022020100
3023200302020101010
6010203002001200101
2403030310010020010
3110020312220210000
0530300100100202100
totalCombNum,N,totalRuntime are 2175 52 1018


5340101200211001011
2001130302000000100
5221220011010220100
4210011111000001001
1200332201222002101
4542020210211120110
2510301010201212010
2341013111112010110
6443102001021202110
5113012311100102001
5030033000012112000
4401202112100102100
3522132011021001101
5402303121110010100
4130301021002221010
2142220211020000010
3243310320010212000
6300223210101211100
4021213320121110011
0411020310212110100
0043132020100010000
1011321100010120110
6111000020001010101
1423213222200101100
3431231200012100011
6030000111210210010
3100010101000021000
1332110321111010100
3012103200201001001
3320321002101012010
5511201002120000100
6530331320100001101
1140031112010210001
0120103110201000011
2420102300010120001
1503100001002011000
4313130101100122010
6222013002002120110
0330022102021021101
0521213100001111111
0202301201101202111
2233121120010111000
totalCombNum,N,totalRuntime are 2175 42 1144


5340100200201001010
2001130302000000100
5221220201010220101
4210011111000001001
1200302200222002001
4542020210210120010
2510301010201202001
2341013100102001001
6443102001021202110
5113012310100102001
5030033020012002001
4401202002020102100
3522032010021020100
5402303101110010000
4130302002002201000
2102200200020202001
3243310320100201001
6300200210010210100
4020013020021010010
0010020300012001000
0043032020200010101
1011321002000120010
6111000020001010101
0403010220201001000
3431231200012101010
6030000111210210010
3100010101000021000
1332110321111010100
3012103200201001001
3320321002101012010
5510201002120200100
6530331320000001000
1140031112010200101
0120103110201000011
2420102300010120001
1503100001002010101
4313030201100100000
6222003002002100010
0300002100020021000
0501213100101101101
0202301001001200110
2233121120010111000
1201032020202020000
2140220201020200010
6001023010100200000
4020203300020000010
0410020310202002010
1403213022000201001
1023210202200101000
4003130101102022001
6002013002001020001
0030022102020020000
totalCombNum,N,totalRuntime are 2175 52 970


3000103101101211100
5312021020111120101
4420323310121011110
5131120201201011001
3221210010210112011
1513001312001011100
0020102010011011010
3132010301112221100
3443120120110110011
3322202202120100011
1431311221022021010
0533103220200112000
0310120101211010111
4211133200000200010
2501130100100120111
0441012012200222011
6520111110010010010
6111012100112121110
4543010001122011101
3512331001000001101
5520222320102200000
0202300010102001010
4330212311011100111
6301111111001101000
6413221000110201101
5400030211021212110
5040313112100110111
6242130322121112101
4132302101121010101
2101223322100122000
2442003200001001011
2233132012020200000
4003021022212022101
1123000011011020111
2320133011112010011
1012230100221200111
0140231311021001100
1343303101100212111
6031303210211101011
5233001011011101000
2010311300200002100
1200122110011120101
totalCombNum,N,totalRuntime are 2175 42 1257


3000103101101211100
5312020020102020100
4420323310121011110
5131120200200102000
3221210010202012000
1513000312001001000
0020102010011011010
3132010301112221100
3443120120010100001
3300202202020010001
1431303020020201010
0533003220200102001
0310020101201010010
4211030200200200010
2501130100100120111
0401012002000202001
6520101102010010010
6110002100102120010
4543010001122011101
3512331001010001010
5520222320000201010
0202300010102001010
4330212311011100111
6301111001000001001
6413221010100202001
5400030211021212110
5040313102000201001
6242100320201010100
4132302100101010100
2101223322010020010
2442003200101001001
2233032002020200101
4003021002202002000
1123020000010020001
2020033010202010000
1002230100220202001
0140201010020010101
1343303020100212010
6031303200211101000
5233001001011100001
2010311302002002010
1200122110201120000
3022010202100102010
1401001200002020001
1030310221020020101
4210103020020100101
0441002020200020010
6002030020020110101
4000301020010022000
2320130301002000101
0140031301020200000
totalCombNum,N,totalRuntime are 2175 51 1058


0402121311201002011
6001211011121101000
5531303120212002101
5120230100001101110
1132012122212220100
4231011202002102101
5210111310010020000
4510132310120111011
4042233100111101110
0543030011221221110
6240002020201101101
5341121201010212110
1513222200011100111
1020030302110012011
2312103000212101110
1200101011120111010
0141000101110010101
2033121121001222001
6320131102112010110
3430133010100100001
3010302001012102001
4111311100011020111
6132123220020101100
6413010110000222101
2100110012111020001
0010112210210120110
4422003021210021100
2232030301101111110
5003001002100011110
3321012010020100000
3221220101100211111
2441202200121000011
3502231222210012000
3143100300001122100
4303320010012200011
5402312110121011111
0331200321112221100
1310023222001201011
0223313102010101110
2521330201110110111
1441311112022012010
6500313301001110011
totalCombNum,N,totalRuntime are 2175 42 1212


0402020300201002010
6001210010020101001
5531003100202002000
5120230101001100101
1102002002002020001
4230200202002002001
5210111310010020000
4510132300120010010
4042203020010101001
0540030010220201000
6240102020200020100
5341120200100202001
1513222202020100100
1020030302010102010
2312103000212101110
1200101011120102000
0141000101110010101
2003020020001000100
6320131102112010100
3430133010100100001
3010302001012102001
4111311100101020010
6132023201020101000
6413010110000222101
2100110012111020001
0010112210020020000
4422003021210020100
2232030301001010010
5003001002100011110
3320012010020002001
3201020200020211010
2441202200121000011
3502231222202010101
3103100300000002000
4303320010010200010
5402302110120101000
0331200321112221100
1310023222001201011
0220303020200101010
2521330202010020101
1040300102002012010
6000303300100110011
0403021010202002001
5030300020202000001
1132012020200201000
0503030101020220000
2033021120000020001
2010001120020202010
3020020100200210101
3043020300001120010
0223003102002010101
1441011012022010100
6500313001001020010
totalCombNum,N,totalRuntime are 2175 53 951


0402020300201002010
6001210010020101001
5531003100202002000
5120230101001100101
1102002002002020001
4230200202002002001
5210111310010020000
4510132300120010010
4042203020010101001
0540030010220201000
6240102020200020100
5341120200100202001
1513222202020100100
1020030302010102010
2312103000212101110
1200101011120102000
0141000101110010101
6320131102112010100
3430133010100100001
3010302001012102001
4111311100101020010
6132023201020101000
6413010110000222101
2100110012111020001
0010112210020020000
4422003021210020100
2232030301001010010
5003001002100011110
3320012010020002001
3201020200020211010
2441202200121000011
3502231222202010101
3103100300000002000
4303320010010200010
5402302110120101000
0331200321112221100
1310023222001201011
0220303020200101010
2521330202010020101
1040300102002012010
6000303300100110011
0403021010202002001
5030300020202000001
1132012020200201000
0503030101020220000
2033021120000020001
2010001120020202010
3020020100200210101
3043020300001120010
0223003102002010101
1441011012022010100
6500313001001020010
totalCombNum,N,totalRuntime are 2175 52 951


4023233022101210100
0142132012200112110
4322032301100000100
3532233222212020010
1141010001011001100
2301100000100020001
1030003210022100110
2430323321111002001
4130321110011222110
6330313100010001111
1311020022010212001
5320100211221021011
6501201010010100111
6240331322122210000
5041321211111100010
0503323001121212111
3221222110121001100
5441210000002001100
6032120100002011100
2211232111002112000
5233032020001211100
3343001010001001001
3000112001111212000
4501010211112111101
6421322201201122001
5512103311110101101
4241113010011110111
5103203122111122011
2011011100201101101
3411310101010100110
4412000112220201011
0431111120010101100
6113000101001110101
2123111201022200101
1202301111001020101
3101001301001100001
0010011301100021001
0211000200200111110
0320201000102110001
1403230300200111111
2542110102100020110
1520102010110110011
totalCombNum,N,totalRuntime are 2175 42 1191


4023203022000200101
0102030010200000010
4322032302010002010
3532233222212020010
1141010001011001100
2301100000100020001
1030003200022100010
2030303301110200001
4130301002010222010
6330313100201001100
1311020022000202001
5320200201220020010
6500201010010202010
6200000302020200010
5040321210010010010
0500303020020002100
3221222100120201010
5441210020002020101
6032120100002011100
2210202010002002010
5003032002001000100
3343001010001001001
3000112002020212001
4501030201102001001
0420302202020202001
5512103310020201010
4241113010011010100
5003010120111122010
2011011100201101101
3411300102010100101
4412010112220201000
0431111120010101100
6113000101001110101
2103100201020202000
1202301110102020101
3101001301001100001
0010011301100021001
0211000200200111110
0320201000102110001
1403230300200010010
2542010102002010010
1520102010100101011
0020030020000100000
0102030010200102001
0140132020200102000
2400023321100100101
4130020010010102010
6000330320102001000
6040030322120010000
6040031020020200010
0503320300021202001
2211030111002010010
5233002020100200100
6021020200201020001
6420302201001022001
5100203020101102010
2123010200002200000
0202001001001020001
totalCombNum,N,totalRuntime are 2175 58 970


4023203022000200101
4322032302010002010
3532233222212020010
1141010001011001100
2301100000100020001
1030003200022100010
2030303301110200001
4130301002010222010
6330313100201001100
1311020022000202001
5320200201220020010
6500201010010202010
6200000302020200010
5040321210010010010
0500303020020002100
3221222100120201010
5441210020002020101
6032120100002011100
2210202010002002010
5003032002001000100
3343001010001001001
3000112002020212001
4501030201102001001
0420302202020202001
5512103310020201010
4241113010011010100
5003010120111122010
2011011100201101101
3411300102010100101
4412010112220201000
0431111120010101100
6113000101001110101
2103100201020202000
1202301110102020101
3101001301001100001
0010011301100021001
0211000200200111110
0320201000102110001
1403230300200010010
2542010102002010010
1520102010100101011
0102030010200102001
0140132020200102000
2400023321100100101
4130020010010102010
6000330320102001000
6040030322120010000
6040031020020200010
0503320300021202001
2211030111002010010
5233002020100200100
6021020200201020001
6420302201001022001
5100203020101102010
2123010200002200000
0202001001001020001
totalCombNum,N,totalRuntime are 2175 56 970


4541330212222211100
0342303120202102101
6302130300120211111
5402002222012012010
6140121112102002101
2023132020101121000
2110101201200100101
3241020312011122111
3122110120121102111
6200012001010000001
4043012300110012111
6423310112210100010
1333111111101012100
5031011100000001001
2232313302122100100
2503020100100012001
0431030010121101111
0223000211112211011
3531010311202210110
3313332211210010010
3401001000011211111
4201100120001110011
6530201121010121100
5120321011121220010
2311011012011202001
5540013300001100110
4410123320000000001
1140032120120211011
0101101300010000100
5213231100221110110
0030222212102000100
2441210011110101111
6011013200101111011
4133233000011102001
5310110000000001110
1002300010021001001
0512011001012021011
3000213011211221100
1521112102110110111
1221213300011001100
4322221001011121010
1410120201212021100
totalCombNum,N,totalRuntime are 2175 42 1217


4040300212020200001
0342303120202002000
6302130301020200101
5010020202000102000
6140121002002002001
2023000020001020100
2110101201200100101
3241020302010022010
3122110100020202000
6200012001010000001
4043012300102000100
6423300112200201010
1333101001102002100
5031011100000001001
2232310300102001000
2503020100100012001
0431030010121101111
0223020210202210101
3531020310202210001
3313032200201010000
3401001000011211111
4201100120001110011
6530201020001020001
5100320010120220010
2311010012001202010
5540013300001100110
4410123320000000001
1140032020020211000
0101101300010000100
5213231100220010001
0030222202002002000
2441210301110000001
6011013200100101001
4133033010010102001
5310110000000001110
1002300010021001001
0512010301002020010
3000213011200220010
1521112102110110100
1221213300011001100
4322221020011120000
1400030201012021001
4500330202202201001
0501300202020101010
5402002020102002001
5002002222010010010
2020132010001020101
3020010020100102010
2030303302022100101
3010302201010010100
1030200121020020010
5020301011002020100
6010303000102010001
4103200101011020001
1010020101210201000
totalCombNum,N,totalRuntime are 2175 55 996


4040300212020200001
0342303120202002000
6302130301020200101
6140121002002002001
2023000020001020100
2110101201200100101
3241020302010022010
3122110100020202000
6200012001010000001
4043012300102000100
6423300112200201010
1333101001102002100
5031011100000001001
2232310300102001000
2503020100100012001
0431030010121101111
0223020210202210101
3531020310202210001
3313032200201010000
3401001000011211111
4201100120001110011
6530201020001020001
5100320010120220010
2311010012001202010
5540013300001100110
4410123320000000001
1140032020020211000
0101101300010000100
5213231100220010001
0030222202002002000
2441210301110000001
6011013200100101001
4133033010010102001
5310110000000001110
1002300010021001001
0512010301002020010
3000213011200220010
1521112102110110100
1221213300011001100
4322221020011120000
1400030201012021001
4500330202202201001
0501300202020101010
5402002020102002001
5002002222010010010
2020132010001020101
3020010020100102010
2030303302022100101
3010302201010010100
1030200121020020010
5020301011002020100
6010303000102010001
4103200101011020001
1010020101210201000
totalCombNum,N,totalRuntime are 2175 54 996


4530100001011012101
6310121000010002001
3522202121212011111
5311232110010002110
6023102221022222111
3200332011000000111
2321303321102022001
6541301110000101010
4422323111010101000
5040120000001100000
0202201110000212000
5503013302020020100
2432230000020122010
4120032302222111010
4011010000000211001
2103021202200002100
1330011122200210000
1401121100121001010
3113233211000212101
3031111300001100000
3342110210121011110
4241012221002121110
6233020011011111111
1222310101211102111
0121312000011020000
5212003301000101100
2011220110210011000
0012303312101110100
6401211312101210110
5120111021201101111
4303231120111110100
0300020321102111111
0530131000002001111
0443331201220020010
1003133010010021111
5430302201112211110
1511122211112100111
3410020122101220011
1140200302111001100
2540013111111202001
2211112002120110100
6132033100211001101
totalCombNum,N,totalRuntime are 2175 42 1244


4530100001011012101
6310121000010002001
3522202120212001000
5301232110000202010
6003002200102002000
3200332011000000111
2321303020102022001
6541301110000101010
4422323010002002000
5040120000001100000
0202201100020202000
5503013302020020100
2432230002020120010
4120032302222002000
4011010000000211001
2103021202201020000
1330001022200210100
1401121100121001010
3110203200010210100
3031111301020100101
3342110210020010000
4240012220102020010
6233020011000201010
1222310000211102010
0121312000011020000
5212003301000101100
2011220110210011000
0012303012100101010
6400210312010210101
0100000021020100100
4000230120100110000
0300020321102111111
0530131000002001111
0443330201220020000
1003133010010021001
5430302200112211000
1511022201002101000
3410020122101220000
1140200302101010100
2040303011011002000
2211102002020010101
6132033100201001101
0020200221020010001
6023002020022020010
6020102020020200001
2320300300002002010
3113030010010202001
5120101020200200111
4303201100201110010
2540010101100201001
totalCombNum,N,totalRuntime are 2175 50 1038


4530100001011012101
6310121000010002001
3522202120212001000
5301232110000202010
6003002200102002000
3200332011000000111
2321303020102022001
6541301110000101010
4422323010002002000
5040120000001100000
0202201100020202000
5503013302020020100
2432230002020120010
4120032302222002000
4011010000000211001
2103021202201020000
1330001022200210100
1401121100121001010
3110203200010210100
3031111301020100101
3342110210020010000
4240012220102020010
6233020011000201010
1222310000211102010
0121312000011020000
5212003301000101100
2011220110210011000
0012303012100101010
6400210312010210101
0100000021020100100
4000230120100110000
0300020321102111111
0530131000002001111
0443330201220020000
1003133010010021001
5430302200112211000
1511022201002101000
3410020122101220000
1140200302101010100
2040303011011002000
2211102002020010101
6132033100201001101
0020200221020010001
6023002020022020010
2320300300002002010
3113030010010202001
5120101020200200111
4303201100201110010
2540010101100201001
totalCombNum,N,totalRuntime are 2175 49 1038


4242302100000211110
3300231221020211001
3121323110100110011
4011201210000110101
1142032212222001101
1523011100112111111
6223103201100112000
5020032001211002000
3232032310010020001
1031113121000001001
6131000012010021010
3513112010211201101
0030320222202011110
2043333121121021011
3012100101010002011
6000011310202200011
4513313301022000100
2401012301110120011
4121003021211222000
0200202321201102000
5241020000020000110
2522220112000111001
2310000110201201010
1320321301001102100
0110131201100221111
0301303112010120010
5431111202101201101
1213000012102021110
6531231211121112000
0422113001021100000
5500003111020000111
4330031301100010001
0543021120001120011
6342111311110110101
2133131210110010110
6410322120200202101
3440130012102101010
5102210322011121011
2241211002112012010
4401120012110000101
1403203211001210101
5313302001012011000
totalCombNum,N,totalRuntime are 2175 42 1209


4202300100020201010
3300231220020002000
3121323100200010001
4011201200010101001
1142032202222000010
1523011100112111111
6223103200000102010
5020032010210202001
3232032300202020101
1031103120010010000
6131000012010021010
3503112010201200010
0030320202002010001
2003003020021020010
3012000301010102000
6000011300202200010
4510313301020010000
2401002301101020100
4120000020201022000
0200200301201102001
5241020000020000110
2502020002020100000
2310000110201201010
1320321301001002000
0110100201000220010
0301303012010120101
5430101200100200010
1213020012002020010
6531230200121102000
0422113020020010100
5500003111020000111
4330031301100010001
0543001120101020000
6342111311102010100
2133131200102000100
6410322120200202101
3440130002102101000
5102000322011100000
2241211002112012010
4400120010110200101
1403200210201210100
5303002001002011000
4042002000020200001
0030020220202010100
2040333120100201001
4003003302002001001
0200202021200102000
2022220102001001000
0010030300100201010
5031010202000200100
5100210301001020100
1020203010010210000
5013300300102010001
totalCombNum,N,totalRuntime are 2175 53 967


2402002202212020001
5220331311020100110
4021312020002022001
1440321121200011000
6500123112000111011
6112221100022100000
2240111211120012000
0000120121021100111
5513313012011221111
1323212212121100110
1002033011012011110
1230100021101021101
0410130311101212010
2033310110100201011
3522130110200102000
2510012001111011000
6422301001111001010
5100102100101020101
4110120200210101100
0242210110222121010
1141033300011202111
2121223011001110111
4533231221122201111
6241022301001211101
4343011101210101011
3203000112111200001
3010202300011000011
0133332202010100011
3141013222102011000
2310130320112120111
5432223101010111100
6323030020001211100
5301200110101122001
5042010221202220110
0541001001121011100
0322313001211010011
4212003302011000011
1511110310100110110
6031011202200022000
4401011310201010000
3333121301101122101
3403303010120001010
totalCombNum,N,totalRuntime are 2175 42 1234


2402002202202020101
5200031020020200100
4020302020202022010
1440321120200002000
6500123012020202010
6010200100002001010
2240111211120012000
0000120121021100111
5513313002002020101
1323202212021020100
1002033011012011110
1230100021101021101
0410130301000202010
2033300110100200101
3522130100200102001
2510012001111011000
6422301001111001010
5100102100101020101
4110120200201000101
0240210010222020001
1141030300010202000
2121203020002020001
4530231220122201001
6241022300100201001
4343003010200201010
3203000112111200001
3010202300011000011
0133332202010100010
3040013222002011010
2310130320012020010
5432223101010110101
6323030020001210101
5301200110020102001
5042010220200220000
0541001001101011101
0322313001210010010
4212003302011000001
1511110310100110110
6031011202200020100
4401011310201010000
3330021010101000101
3403303010120001010
5220300301020101010
4001302000002002000
6112021020022100001
2120020011010100100
4040010101000102010
3101010220201011010
3033021301000122001
3003100301001002100
totalCombNum,N,totalRuntime are 2175 50 1018


6431313200211111010
5212331300112221101
4101020210202012101
5020121121010000100
1511122002110112111
3142130311100002110
1122203112001120101
3210103000012001110
6143311320100221101
0423123010221112111
5130202002111110111
6202110112001110001
4313302112020100001
4440001312001101100
1340331101210211000
5331113200000200001
1403230101002101010
4242223321022201110
6330022221111010011
3323010220001022111
3401321000110110111
1003313302210111010
2412001021101011100
0110031101220110000
2111210210000100110
0532100301001001111
0302212011012100111
5540000001101010101
2221132102112012010
5403122310220222001
1233032220222020110
2002101220220020001
0200000020100220100
2340322301101100001
3031002022101201000
4521111311000221010
0041311212001011010
3500210120222100110
6521300211111002010
4030231000111012100
6011230011122010011
2533033110110201111
totalCombNum,N,totalRuntime are 2175 42 1251


6431313200211111010
5212331300012221010
4102020200202010000
5020020120101000010
1510022002010102001
3142130311020102000
1120203002002020101
3210103000012001110
6143010320100220001
0420023010221002000
5130202002111110111
6202110112001102001
4313302102020020101
4440001312001101100
1340031100200211000
5301113201020201010
1403230101002000101
4042223020100200010
6330022221111010011
3323000220001022000
3401321020202010101
1003310302200110000
2412001021101011100
0110031101220110000
2111210201001010101
0532100302000201001
0302202010012000101
5540000001101010101
2220102002002012010
5403122010200222010
1233032220222020010
2002101220220020001
0200000020100220100
2340322300020100101
3031002022101201000
4021010300000201001
0041311212001011010
3500210120202002001
6520300201110202001
4030031002011002100
6010230010122020101
2533033110010201001
1011100000101002001
1022020110000120000
0103301020200201010
6040201001010010100
4240223301002001010
0302012000000102000
0221030102002002001
4521101001000020010
0500010020022101000
totalCombNum,N,totalRuntime are 2175 51 1031


1300111000220010001
2311010012110002101
0441310010101100011
3311230202021120110
4041131110000010101
6023330011112001110
2020212001101101110
5513100112110100101
1032313102010122111
5340323020100200010
5202131301111102110
6210300101020010000
0333002110102011011
6101023011001010001
4443222102002220010
3412302310001112001
1241222311201011011
0203201322010121000
1502020111111201010
0010103201200200111
3130120011210001011
0123021112020202111
2243101201220110000
2402300121020110111
4102302200121101101
5011221211022011001
0522131011200121100
4320010221001000000
2141031310011222010
3543313111100010010
4510100300110001101
6530132222200212100
1423033000111011101
1110200221002021100
3221010310110210100
5130012111211100010
2531223300022102110
6431311200211110010
5420101010111121001
4232113010202102100
6342211300000021101
3001001321002100101
totalCombNum,N,totalRuntime are 2175 42 1214


1300111000220010001
2310010002010002001
0441310102001001010
3030230200020020100
4041131101020010010
6023330100112002000
2020202000101001010
5513100112110100101
1032313002000122001
5340323020100200010
5202030301000102001
6210300101020010000
0333002110102010101
6101023010010010101
4040222102002220001
3412302300201002010
1241222300201001010
0203200322010020101
1502020110011201001
0010303201200202010
3130120011210001011
0123021002020202001
2243101200200101000
2402300121020010010
4102302200121020101
5010220210020010010
0522131000200120100
4320010221001000000
2101030010100220001
3543313111100010010
4510100300110001101
6030132020200200100
1423033010101011101
1100200220202001001
3221010310100210001
5003012001010100101
2531223300022102110
6430301202011110010
5420101010111121001
4230103010200101010
6342211300000021101
3001001321002100101
3311030202020101010
4400220100102202000
4403020202002202000
5011001010102001010
2140030302010022010
6500102222200012001
1110203021020020000
5130010100200100000
0202110010202002001
totalCombNum,N,totalRuntime are 2175 51 1011


5001212311201212001
6132230101110011100
3042102011012000100
0442011101010002000
3111003121201210011
0531322321212002001
3521221100101122001
5541333110110200100
0300031002100020011
2010310001211210101
2330101121022000010
6020121012021200111
1111130020101012011
2502103312000011001
3340011001200210000
1220132012200001010
1323110301111011100
2441023201110110111
4243122000212100110
5103101122012101011
2203231110021002010
4142310221000111111
6413312211201021111
0212101300101211001
6543010320110110101
6200003011100001011
1501321211102011010
5312022200220000100
5420101220012122101
4321301301011021010
0140220310121001111
0023233220110100001
1042013102021221010
1433200010100100110
3403030310002211101
4401230002120002000
6311213011112112101
4510011002021110010
2122002111111120111
3230310212020211110
5231000020111120100
4031013110011211111
totalCombNum,N,totalRuntime are 2175 42 1219


5000212020200212000
6132230101000001000
3042102010012000101
0442010101010102010
3110103120200201000
0031002000202001001
3521220100101122000
5540333110000200001
0302030002020020100
2010310010200202000
2330101121022000010
6020121002020202010
1111130020200002001
2502103302000101010
3340011001200210000
1220132012200001010
1323110301111011100
2441023200002010101
4243122010212010010
5003003002010001010
2203201002020010000
4102310220100200100
6413302200201020001
0212101302010210001
6543010320110110101
6200003011100001011
1502021211102020010
0302022010220100100
5420100201002020001
4301301300010021000
0140220300021001001
0023030220010100010
1040013102020220010
1433200010100100110
3401000310100201001
4401230002120002000
6311213001102102101
4510011002021110010
2101002101010120010
3030300202002010010
5231020020101120101
4030303102011210101
5000200301010202000
0530322300200102010
5103001022002010001
2203031102001002010
1500300201002000000
5312020200020102010
0400101020200020101
4020300301002020000
0020203200100000000
3003030301002210000
2122002010101020000
3230310202020001010
totalCombNum,N,totalRuntime are 2175 54 948


5000212020200212000
6132230101000001000
3042102010012000101
0442010101010102010
3110103120200201000
0031002000202001001
3521220100101122000
5540333110000200001
0302030002020020100
2010310010200202000
2330101121022000010
6020121002020202010
1111130020200002001
2502103302000101010
3340011001200210000
1220132012200001010
1323110301111011100
2441023200002010101
4243122010212010010
5003003002010001010
2203201002020010000
4102310220100200100
6413302200201020001
0212101302010210001
6543010320110110101
6200003011100001011
1502021211102020010
0302022010220100100
5420100201002020001
4301301300010021000
0140220300021001001
0023030220010100010
1040013102020220010
1433200010100100110
3401000310100201001
4401230002120002000
6311213001102102101
4510011002021110010
2101002101010120010
5231020020101120101
4030303102011210101
5000200301010202000
0530322300200102010
5103001022002010001
2203031102001002010
1500300201002000000
5312020200020102010
0400101020200020101
4020300301002020000
0020203200100000000
3003030301002210000
2122002010101020000
3230310202020001010
totalCombNum,N,totalRuntime are 2175 53 948


5442232300010200001
6502331111121001100
6433023012102202111
1241101311001221110
4513102111211111001
0501203211010101100
1103333222211100011
0411320201022010010
1530110301101012011
2002010002102010000
0342013221210202000
2441302121001111000
4132103101021220001
5212013100100020001
1322012110122121010
3530130020210121111
5521021112102110110
3312013111000211110
5022322221121012100
4001003311101111001
2223123311220100100
6141112011002001110
6220310100210201011
3043220220001021000
0221131011001112111
4230231210102000100
2111111001110011110
1011230011200000101
0030302112000021101
3201312322100010001
3400101101012022100
0113110310100112011
6010111222011220110
1401120010101000110
5130020000010000100
6331201302012110011
2330033010111110111
5303101000211201101
4340320012120012110
3121200110121100100
4421110021212010101
2540211200001222001
totalCombNum,N,totalRuntime are 2175 42 1230


5442232300010200001
6502331100020200000
0433020202000200101
1241001300010220001
4513002100201001001
0501203211010101100
1100303222200000100
0410320000022010000
1530110301101012011
2002000002002010100
0342003220200102001
2440302120200101000
4132103001020220101
5212013100100020001
1320102020002120010
3530030020200021001
5021020102010101010
3312013101000210010
5020302201001010100
4001003311101111001
2223023300220000100
6140102001002001010
6220310100210201011
3043220220010020010
0201131000002002010
4230231210102000100
2111111001110011110
1010230010201000001
0030302110010020010
3201302322102010100
3400101101012022010
0113010310200102000
6010111222010200100
1401120010101000110
5130020000010000100
6010201020000110100
2330033010111110111
5303101000200201000
4040303012000002000
3001000101021100100
4421010021212010100
2540210201001222010
6002003010100202000
6403023001002200010
1103330102201000010
1002010000020001010
5520021012002020001
5022022220021002010
0220030101001102000
0203012020101010000
6010101020201020101
6331200302000100100
4340320002120010100
4002020200100202110
3120200110120101000
totalCombNum,N,totalRuntime are 2175 55 999


1000112010010010100
1231233300002021010
1340021201100202110
5400222120200222111
2102330311100001111
6530232000221210110
4210312002202211011
6142013110212200100
6001301200001110110
4302213321021020101
0512101011101221000
0020120310122110011
2043303301201022111
2320102011101111000
3303101101111211001
5343300110022111110
0400313011010111110
4443132311111101100
3202012110001000111
2411012211022100010
2521220100011011011
3021033222200221111
0133022000001110110
5012131311000102010
4120120200011112100
0243211222020012011
1513010101100010000
5531103200101010000
5200011121012200010
3111223010010020101
6332020312101211001
1422301102211100010
6412100220101012101
5120111012001111010
4031200101100100000
2230321122010200100
3430011000020012110
6223100101100121111
1141100020021000011
3541300300012102001
0311130111201101001
4501001122110101010
totalCombNum,N,totalRuntime are 2175 42 1195


1000112010010010100
1030230301002020001
1340020201000202001
5000220100200102001
2102330301101010000
6530232000220200101
4210100000200200010
6142003101010201001
6001301200001110110
4302213320020020010
0512101011101221000
0020120300122010001
2040200300201002001
2320102011101111000
3303101101111211001
5343300101022001100
0400313011010111110
4443032310110202001
3202012110001000111
2011012200020100010
2521220100011011011
3001030200200221001
0133022000001110110
5012131311000102010
4120020202011002101
0203200222020000100
1513010101100010000
5531103200101010000
5200011121012200010
3110223000010020101
6332020312020201010
1422001102210102000
6410103020101012000
5120111012001111010
4031200101100100000
2200321000010202010
3430011000020012110
6223020100100120101
1141102020021000001
3540300300002102010
0311030101201001000
4501001022100101000
1201030300000020100
1230033010102001010
5403022020200022010
0400202010200220100
4010302002202010001
6102010200202200101
2043303020201022001
2401030210202002000
3020030222000020100
3020003002010201000
0240211002002012010
1020301000202000101
2030301022010200101
totalCombNum,N,totalRuntime are 2175 55 970


