4202023221211022111
0211222122011120000
3233102201010111101
1410121312110001110
4002302011111112111
3121201021102022010
5011113210201121010
0023011010011111100
4120120112001100101
2213130010100011110
0402100200222202111
5102012110001001101
4413232001102201000
1200213012022201011
2030020100122210001
0300033201110111000
2401011121010102000
5420200010220210100
2122303212211200011
4331311300020200110
1111330101120010001
1032231222200012010
3312010312111111000
3430333120001221011
5223331302001012011
3003220321221000010
2310202301100022011
0133323310102010110
1323002100221120010
5330120021112121100
totalCombNum,N,totalRuntime are 1992 30 796


