432020202100121201010
303011201021210011101
211322220020210001011
331331010210122201101
310100112000102010011
423312022000201110100
200032002212001211110
021002211002101200110
120322201111022010001
133132120122200210111
222110211111121100001
420231211221210011101
030011120111212100000
233201101001022011010
012230000000020101001
112211112212001211100
003121012220101000100
402300120122222000001
322222120122011100010
101200121200110110010
411111002111010201110
113000001011101001111
003302212010112011111
totalCombNum,N,totalRuntime are 1944 23 519


432020202100121201010
303010201021200010001
211322220020210001000
331331010210122201101
310100102000102010101
423312022000201100100
200032002202001210110
021000211002101201000
120322201011022010001
133132120122200210010
222110211111120100101
420231211221210011001
030011120111212100000
233201101001022000010
012230000000020101001
112211112212000211101
003121012220101000100
402300120122222000001
322222120122011100010
101200121200110110010
411110002111010201010
113001001011001001001
003302010010110011111
totalCombNum,N,totalRuntime are 1944 23 467


030020102100021000100
302010202020200100010
211302020020010001010
331331010210122200100
310101001000102010001
423002022000201100101
203030002202001000100
020020201002000200000
120320101011002010000
130130100120200210001
202100201111021101010
420231211221210010001
030011020201012101010
203200100201002010001
010230102000020200010
112011110202010010100
003021000020001000000
402300100102222001010
300222000101011000100
101200021010110110000
411111020100010010101
013001000101102000100
303302010020100001011
432020202020100200000
303010001001020001000
010301010100020100001
020312002000201010100
201002010200010200100
021020010002101001010
100300200100020010001
103132000002000201001
200010010010100100001
010001020010200200001
230201001020002000100
002030020201020100000
010210010102001200010
000120010200020200101
322002120022010100100
101000100000100100010
101020102001000200010
203002202010012011110
201020220100200100101
301002001020020101010
033002000102000200101
220100200101020010001
102200012012001001001
400101002010200100010
010020200100200000100
totalCombNum,N,totalRuntime are 1944 48 319


402020100100000201010
303010202020200010010
211020220020010001000
331331010210122201101
310100020002002000000
020310002000001100001
200030202020000200100
020001010102020201001
120320201011002010001
103030120120200210100
220110010110100100100
020030001201210000000
030010020010202101001
233200101001020010010
010030001010020100100
112211112212000210101
003121010220101000000
400301010102202000000
322202120022011101010
101200100201010110010
401110010110010010010
013010101010001001010
003302002010102010001
032020100020201200100
030020202010020101001
300010001001010010001
100301020100000201000
010102000020201001010
403002022020001000101
200002000202002010100
203030000202001001000
001002001002100201010
021000201002001000001
100022001001020000100
130100101002001010001
202010000100021010000
202100201101010000101
400230011021000010010
010200210100200011010
030001020001010100010
200101001000102001001
010200020200020101001
302030000002001000101
400300101020220100001
202300101020102001001
300220100102020000100
100200021010100101010
410101002101010200000
010101000201101000001
103002010100110010111
010302202000012001010
430010002020100201000
201020002000202010100
423012000200000101010
030132000100020010100
400300200000100001001
020201200201002001001
totalCombNum,N,totalRuntime are 1944 57 296


