213021012
311200212
112311202
303320200
010122220
102001011
200212121
131122101
133230020
232100200
001131122
312032121
221332012
323111011
022221000
023302121
120030201
031010110
330301012
totalCombNum,N,totalRuntime are 454 19 254


213021012
011200202
112311202
303320200
010122220
102001011
200212121
131122101
133230020
232100200
001031122
302030120
221332012
323111010
022221000
023302121
120030201
031010110
330301012
301200210
000130102
312032101
totalCombNum,N,totalRuntime are 454 22 247


323300001
222020210
111321122
221132021
022110000
200312100
312330001
320231122
001200210
232101122
103011022
132221001
102032011
033331210
303122110
030002012
331010202
110100220
213212211
010020121
121210000
totalCombNum,N,totalRuntime are 454 21 280


323300001
222020210
111321122
221132021
022110000
200312002
312330001
320231122
001200210
232101122
103011022
132221001
102032011
030331210
303122110
030002012
331010202
110100220
213212211
010020121
121210000
200010100
033031210
totalCombNum,N,totalRuntime are 454 23 276


110021200
202002210
223121111
300110120
211312010
020300101
331101201
313200121
033011201
030222010
230330222
302321122
122212202
323032010
001231001
132132121
012130022
121020122
103300012
221210002
totalCombNum,N,totalRuntime are 454 20 255


110021200
202002010
223121111
300110120
211312010
020300101
331101201
313200121
003010201
030222010
230330222
302321022
122212202
323032010
001231001
132132121
012130022
121020122
103300012
221210002
202000210
033011001
totalCombNum,N,totalRuntime are 454 22 246


202201010
132112010
203110112
323000121
122320112
333331212
012131220
000312221
220030201
311210112
231221221
211302000
300122000
030200102
101032022
013020010
123232100
021111001
110101211
332011101
totalCombNum,N,totalRuntime are 454 20 259


202201010
132112010
203110102
323000121
122320112
333331202
012130220
000312221
220030201
311210112
231221221
211302000
300122000
030200102
101030022
013020010
020232100
021111001
110101211
332011101
030030010
101002022
103202100
totalCombNum,N,totalRuntime are 454 23 239


331130022
312031100
322220200
210320112
023332011
121211102
232112011
011300101
101022011
300312120
201231200
002120122
120131010
132301211
223000020
310202011
033221120
030012202
303100002
113110221
totalCombNum,N,totalRuntime are 454 20 247


331130022
312031100
322220200
210320112
023332011
121211102
232112011
011300101
101022011
300312120
201231200
002120122
120131010
102301202
220000020
310202011
033221120
030012202
303100002
113010200
130301211
203000020
110100221
totalCombNum,N,totalRuntime are 454 23 234


122110102
321002110
310320221
201020022
032322110
011121001
223331102
213212210
333101022
123221221
230011101
202102201
131230211
302231001
020131010
112032022
003010212
010202122
100300100
301311020
totalCombNum,N,totalRuntime are 454 20 258


122110102
321002010
310320201
201020022
032322110
011121001
223330102
213212210
333101022
123221221
030010101
202102201
131230211
302231001
020131010
112032020
003010212
010200120
100300100
301311020
301030102
230001102
010202022
totalCombNum,N,totalRuntime are 454 23 238


131032222
032321210
213130210
231221011
223302122
320022220
303331021
312212122
020230101
110321100
001120120
122111001
102201210
330100102
202030201
011002001
033011112
321310211
200112010
103220002
totalCombNum,N,totalRuntime are 454 20 261


131032222
032321210
213130210
231221001
223002120
320022220
303331021
312212122
020230101
110321100
001120120
122111001
102201210
330100102
202030201
011002001
033011112
321310211
200112010
103220002
220302022
totalCombNum,N,totalRuntime are 454 21 255


102212210
330112102
323202021
133320020
201122122
122332102
220220211
312221002
232000202
022110221
013022112
000300100
311300210
213131220
300030021
121011000
203311001
031231111
110101011
012111000
totalCombNum,N,totalRuntime are 454 20 256


102212210
330112102
323202021
130320020
201120122
122332102
220220211
312221002
232000202
022110221
013020112
000300100
311300210
213131220
300030021
121011000
203311001
031231111
110101011
012111000
133020020
201002101
010022002
totalCombNum,N,totalRuntime are 454 23 244


300032222
333110210
321230011
201112111
011030211
110310001
020102102
123332120
102200211
213200022
212131000
003021001
131120122
122011122
312222110
220321212
032330021
030211200
230002010
301301000
totalCombNum,N,totalRuntime are 454 20 253


300032222
333110210
321230001
201112101
011030210
110310001
020102102
103302120
102200211
213200022
212131000
003021001
131120122
122011122
312222110
220321212
032330021
030211200
230002010
301301000
123032100
totalCombNum,N,totalRuntime are 454 21 242


121231220
233032200
000330000
103102112
132322120
322130201
211300211
012031112
202111020
301022002
310121120
323311012
220220112
130010222
113212001
332201010
020002101
003220221
031111101
112300020
totalCombNum,N,totalRuntime are 454 20 259


121231220
233032200
000330000
100102110
132322120
322130201
211300211
012031112
202111020
301022002
310121120
323311012
220220112
030010202
113212001
332201010
020002101
003220221
031111101
112300020
003100102
130010022
totalCombNum,N,totalRuntime are 454 22 253


113032100
122131022
021012112
310110200
202312010
220222121
213101112
201230202
311321021
332230112
323300200
012200000
133211021
131102210
100320112
030331111
300000021
003121220
232021201
310102011
totalCombNum,N,totalRuntime are 454 20 259


113032100
122130020
021012112
310110200
202312010
220222121
213100112
201230202
311321021
332230112
323300200
012200000
133211021
131102210
100320112
030331111
300000021
003121220
232021201
310102011
020101022
totalCombNum,N,totalRuntime are 454 21 255


000210002
202130202
313200100
210320220
121010201
220301112
132221101
110032002
330112111
301020112
032000210
233011022
023122001
103332211
211202011
312311000
031331121
101101220
322232220
010121000
totalCombNum,N,totalRuntime are 454 20 252


000210002
202130202
313200100
210320220
121010201
220301112
132221101
110032002
330112111
301020102
032000210
233011022
023122001
103332211
211202011
312311000
031331121
101102020
022202020
010121000
301020012
301001200
322230220
totalCombNum,N,totalRuntime are 454 23 245


100101220
201221202
222300112
031130002
133320122
032311101
230032110
121212100
020020021
323031202
112232021
312122110
330200200
302011211
111001011
213110021
003202110
010312202
301330020
220101012
totalCombNum,N,totalRuntime are 454 20 238


100101220
201221202
222300012
031130002
133320122
032311101
230032110
121212100
020020021
323031202
112232021
312122110
330200200
302010211
111001011
203010020
003002100
010312202
301330020
220101012
213110201
003202010
totalCombNum,N,totalRuntime are 454 22 231


202110010
331122200
020132122
132330221
322001202
201231200
313031011
010321000
230012012
320210221
121021020
112222112
211100121
033200000
303302122
223322211
002020101
011310212
133111100
100001010
totalCombNum,N,totalRuntime are 454 20 271


202110010
331122200
020132002
132330221
322001202
201231200
313031011
010321000
230012012
020210021
121021020
112222112
211100121
033200000
300300120
223322211
002020101
011310212
133111100
100001010
020130120
300210201
303002122
totalCombNum,N,totalRuntime are 454 23 253


130221111
311231121
203211210
000132002
131012100
023001112
231101022
310001200
302022021
213322101
320310022
112202012
012111101
101300111
032331220
021220202
222030110
123132221
333120010
210110212
totalCombNum,N,totalRuntime are 454 20 266


130221101
311230120
203211200
000132002
131012010
023001112
231101022
310001200
102020021
213322101
320310022
112202012
012111101
101300111
032331220
021220202
222030110
123132221
333120010
210110212
302002001
totalCombNum,N,totalRuntime are 454 21 250


101011001
211231221
032212012
002101221
200322122
113310020
331330112
122032012
322220000
233000000
223111112
110201110
320011221
312102202
013022111
131121220
030130001
021302210
303230210
212301101
totalCombNum,N,totalRuntime are 454 20 272


101010101
211231221
032212002
002101221
200322122
113310020
331330112
122032012
322220000
233000000
223111112
110200110
320011021
310102202
003020101
130121020
030130001
021302200
303230210
212301101
001001000
300011201
013022011
131120200
totalCombNum,N,totalRuntime are 454 24 255


011021210
313200111
210131010
233322022
102302010
030232200
020300122
122221012
111331121
300120101
312312202
123111220
003031002
032112111
201210221
331101002
322030120
221002101
130010001
202001201
totalCombNum,N,totalRuntime are 454 20 242


011020210
313200111
210131010
233322022
100302010
030232200
020300122
122221012
111331121
300120101
312312202
003111020
003031002
032112111
201210220
331101002
322030120
221002101
130010001
202001201
123110200
totalCombNum,N,totalRuntime are 454 21 228


033030110
122010021
030120001
103320202
113101221
330012102
302121110
131201220
223110010
220221121
001311121
200001202
110332110
321132222
022302100
303232002
211022001
232331011
012210212
311300011
totalCombNum,N,totalRuntime are 454 20 265


033030110
122010020
030120001
103320202
113101221
330012102
302121110
131200220
223110010
020201001
001311021
200001202
110032010
321132222
022302000
303232002
211022001
232331001
012210212
311300011
220220120
001010101
110300101
totalCombNum,N,totalRuntime are 454 23 239


011001011
301320010
123022221
223311111
130231110
033302202
010320122
313132210
212220201
330011001
321202122
231030022
111111202
022012010
200102200
332121120
020130001
003210021
102331012
102000101
totalCombNum,N,totalRuntime are 454 20 258


011001011
301320010
123022221
220301010
130231110
033302202
010320122
303030210
212220201
330011001
321202122
231030022
111111202
022012010
200102200
332121120
020130001
003210020
102331012
102000101
203311101
313132010
totalCombNum,N,totalRuntime are 454 22 244


013002100
323331112
301132100
103221201
002300221
222212100
010231022
300012221
111310002
021020121
331200212
230322100
033111011
120100010
132031120
312122012
213130221
201001012
120302200
totalCombNum,N,totalRuntime are 454 19 245


013002100
323331112
301132100
103221201
002300221
222212100
010231022
300010220
111310002
021020101
331200212
230322100
033111011
120100010
132030020
312122012
213130221
201001012
120302200
300012021
021020020
102001120
totalCombNum,N,totalRuntime are 454 22 236


