001101011110
200010110100
102011010000
100100011101
121110001100
321110000110
210000000111
311001101111
220111101001
002010111111
302111000101
012101000011
011010000101
020100010110
122100101011
320001001000
101000100011
322000111001
201111010001
211011101000
212110011010
310111011101
202101101111
000011100001
120011010111
301100011000
222001000000
300010100010
021011101001
022111100100
221000011110
312100110010
111111110101
110001101010
010000111000
112000011100
totalCombNum,N,totalRuntime are 2742 36 181


001101011110
200010110100
102011010000
100100001101
121110001000
321110000110
210000000111
311001101111
220111101001
002010111011
302011000101
012101000011
011010000101
020100010110
122100101011
320001001000
101000100010
322000111001
201111010001
211001100000
212110011010
310111011101
202101101111
000011000001
120011010111
301100011000
222001000000
300010100010
021001101001
022110100100
221000011110
312100110010
111111110101
110001101010
010000111000
112000011100
totalCombNum,N,totalRuntime are 2742 36 168


001000000110
200010110100
102010000010
121010001000
321110000110
210000000111
301000100101
200101000001
002010011101
302010000100
012101000011
011010000101
020100010010
122100101011
320001001000
101000101010
302000101001
201001010101
211011101000
212110010010
310111011101
202101101111
000011000001
120011010111
300101000000
222001000000
300010100010
021001101001
022111100100
221000011110
312100110010
111111110101
110001101010
010000111000
112000011100
001101001000
102001010000
100100001001
100100100100
311001101011
220110101001
002010101010
302001000010
020100000101
322010110001
201110010001
301000010001
001001010010
totalCombNum,N,totalRuntime are 2742 48 153


001100001010
200010110100
102001010000
121010001000
321110000110
210000000111
311001101111
220111101001
002010110010
302010000101
011010000101
020100010110
122100101011
320001001000
101000101010
322000111001
201001010001
211001101000
212110011010
310111011101
202101101111
000011001001
120011010111
300100010100
222001000000
300010100010
021001101001
022111100100
221000011110
312100110010
111111110101
110010101010
010010010000
112000011100
001001010100
102010000000
100100000100
002010011101
302001010100
010101001011
012001001001
101000100101
201110000101
301010001010
301001010000
102001001010
010000100001
totalCombNum,N,totalRuntime are 2742 47 154


