432010001100
312211001000
131211000010
110221000101
130000111101
001220000011
332001010011
112011110100
410111001010
331111111101
300201111101
121021101101
330220001010
012201000010
412220101101
030100011010
221100101000
132121101001
102210101111
431200111010
422221010110
232201101010
000001101100
310100100111
320010001110
202220101101
321201010010
301120001010
210000001011
010120110101
120110010011
212121010000
430121010011
022020011100
400211011110
220220011111
111100101010
021101101011
011010111001
020211100001
411001010101
222011100011
421110100111
211210110100
201011001000
420000111001
401021110011
402100001000
101101110101
302010110101
031011000110
100020010010
322121110001
002111010110
230111110001
200101010110
032221111101
231020010111
122200011100
311021110110
totalCombNum,N,totalRuntime are 4034 60 511


432010000100
312211001000
131211000010
110221000101
130000111101
001220000011
332001010011
112010010101
410111001010
331110101101
300201111101
121021100100
330220001010
012201000010
412220101101
030100011010
221100101000
132121001001
102210101110
431200101010
422221010010
232201101010
000001101100
310100100011
320010001110
202220100101
321201010010
301120001010
210000001011
010120110101
120110010011
212121010000
430121010001
022020011100
400210010101
220220011100
111100101010
021101101011
011010011001
020211100001
411001010101
222011100011
421110100111
211210110100
201011001000
420000111001
401021101010
402100001000
101101110101
302010010101
031010000110
100020010010
322121110001
002111010110
230110110101
200101010110
032221111101
231020010111
122200011100
311021110110
totalCombNum,N,totalRuntime are 4034 60 481


