101021100000
121211110000
330100110011
031220011111
022100110101
110011000101
130220110011
213111110001
221020011011
310021100010
322020101111
103011111000
333221011101
112200100010
321101100110
313101001000
212001010100
301120011010
010200011001
231001100000
312111111111
030101101100
223220010010
023200111000
003120001001
001211110001
331010111110
232121101110
013010011110
131100010010
320211010010
222210001111
123100001101
200220101100
132011111001
111120011101
220101110101
033021110000
021111000110
300001011100
303210100011
120000011010
201100110101
233200111001
211211101110
323011001001
302220110000
202111000000
332001000111
203001100110
020020000101
122121010010
032210100100
210120100110
100110011011
011001100011
311200001101
230010001000
012120011111
113221001011
102201011111
000010100111
002001000000
133111100110
totalCombNum,N,totalRuntime are 4058 64 577


101021100000
121210100101
330100101001
031220001011
022100000001
110011000101
130220110010
213110110001
221020011001
310021010001
322020100011
103000010101
333221010101
112200100010
321101000101
313101001000
212001010100
301120001010
010200011001
231001010000
312111111010
030101101100
223220010010
023200111000
003120001001
001211010001
331010110100
232121101110
013010001110
131100010010
320211010010
222210001111
123100001101
200220101100
132010111001
111120011101
220101110101
033021110000
021111000110
300001011100
303210100011
120000011010
201100110101
233200001001
211211101010
323011001001
302220110000
202111000000
332000000110
203001100110
020020000101
122121010010
032210100100
210120100110
100110001000
011001100010
311200001101
230010001000
012120011111
113220000001
102201011111
000010100111
002001000000
133111100110
totalCombNum,N,totalRuntime are 4058 64 529


