3112110100111
1101011101000
4111101001110
1210110001110
0301111001000
2020010110100
1300000010011
4011110110101
4312111101000
2012101010000
4320001110101
2222011101011
4000100011011
4022001101010
2122101100101
1122000011111
3201010111010
3311111011101
0200010100011
0002100011001
0021001110110
2302100001111
3100100000000
1020111100101
4221110101110
0010111001111
4301000000010
2001001101111
2200101110100
3001101000101
3010011100010
4120011011010
3220010010001
2110000011101
2321011010000
1011000001001
0322000100011
0120100001001
0112001100000
0222111000111
1002111011110
4210001100011
4102010110101
3022100011101
2310001101010
1312110100000
1321011101111
4202011010001
3212101100101
0310110111110
3320100001111
0211000011100
3121011111110
1110101110010
1201101010001
0101010010111
2211010000110
2101110111010
1222000101000
3302001110010
totalCombNum,N,totalRuntime are 4527 60 481


3112010000011
1101011101000
4111101000101
1210010101110
0301111001000
2020010001000
1300000010010
4011010110100
4312110101000
2012101010000
4320101010101
2222011001011
4000100011011
4022001101010
2122101100101
1122000011101
3201010111010
3311110011001
0200010100000
0002000011001
0021001110010
2302100000101
3100100000000
1020100100101
4221100001110
0010111000101
4301000000010
2001000100111
2200101110100
3001101000101
3010011100010
4120010101010
3220010010001
2110000011101
2321011010000
1011000001001
0322000100001
0120100001001
0112001100000
0222111000111
1002111011110
4210010100010
4102010110101
3022000011000
2310001101010
1312110100000
1321011101111
4202011010001
3212101100101
0310110111110
3320100001110
0211000011100
3121011111100
1110101110010
1201101010001
0101010010111
2211010000110
2101110111010
1222000101000
3302001110010
totalCombNum,N,totalRuntime are 4527 60 435


