0120000100111
2011000010110
1220100000000
1210001101111
2111111001011
2210100111100
0221011010001
1010111100000
3121001101100
0020101011110
3100010001001
0211001000110
2021011101101
3211010101010
2120000011101
2000110111000
1121111111001
3011111000100
1100011000100
0101101010010
0001010000111
1020010111110
0110010011000
1111100010011
2201000000001
1001100001101
3110101110111
3001101111011
2221111110010
3221100011101
3200011110100
2100001100110
3020010010011
0011101101001
0200110111100
1201010111010
totalCombNum,N,totalRuntime are 3456 36 194


0120000100111
2010000010010
1220100000000
1210001101111
2111111001011
2210100111100
0221011010001
1010011100000
3121001100100
0020101011010
3100010001001
0210101000110
2021011101101
3211010101010
2120000011101
2000110011000
1121111111001
3011111000100
1100011000100
0101101010010
0001010000111
1020010110110
0110010011000
1111100010011
2201000000001
1001100001101
3110101110111
3001101111011
2221111110010
3221100011101
3200101010100
2100001100110
3020010010011
0011101101001
0200110111100
1201010111010
totalCombNum,N,totalRuntime are 3456 36 181


0120000100111
2010000010010
1220100000000
1210001101111
2111111001011
2210100111100
0221011010001
3020000100100
0020101010100
3100010001001
0210001000010
3211010101010
2120000011101
2000100001010
1121111111001
3010111000100
0101101010010
0001010000001
1020010001010
0101010101010
1011001000100
2201000000001
1000101001101
3110101110111
3000100111011
2221111110010
3221100001101
3200011010100
2101000100110
3020010010010
0011101101001
0200110111100
1201010110010
1010010100001
3121001000100
0020101001010
0010000000100
2021010100101
2000010010010
3011000010100
1100010000100
0001010000110
1020001010101
0110010010000
1110100010010
3001001101001
2000001000100
totalCombNum,N,totalRuntime are 3456 47 158


0120000100111
2010000010010
1220100000000
1210001101111
2111111001011
2210100011101
0221011010001
3121001000100
0020101001010
3100010001001
0010100000101
2001001010101
3211010101010
2120000011101
2000101001000
1121111111001
3010110100100
1100010000100
0100101001000
0201010001001
1020010100010
0110010010000
1111100010010
2201000000001
1001010001101
3110100110111
3001100111001
2221111110010
3221100001101
3200011010100
2101010100110
3020010010010
0011101101001
0200110111100
1201010111010
2010100100101
1010010100001
3020100100000
0020101010100
0210100000010
2021010100101
2000010101001
3011011010100
1000101010100
0101001010010
0001010000110
1020100000101
3000101001011
3000001100101
totalCombNum,N,totalRuntime are 3456 49 158


