053052030012123101
351534231323323111
022240200001001010
142430103122223010
320423320012131111
433542313321230000
500143100310013010
230003503002222110
542104012330130011
445025223110312001
524121433323203100
254441011121312011
004530502130102001
314001121031031000
402300330233103100
541553331003000111
513332402101332010
044213310110322100
130233020211301011
305315003303200101
212520021311103110
255135301001010011
111044332313032010
535445420332021101
001124520201320001
410113212032221101
343340510213111000
552010503220030101
203402212023133001
401204401112211111
015255533320133110
125505112202312010
453222112033100000
332150422110312010
031414131103103100
134321201212000000
050303420123211000
221354103030321111
123112521110001000
100051411031110100
421031010101000010
240512430211011110
414452500200210010
500250203233311111
150344431020120111
322222312010033101
200255021302223011
223443533332211011
452251231222312110
055521002320122101
035534131033121111
311245522132031001
021512410233230100
431040513111012101
243001532132223010
022215123311333100
552553033202133001
544304223120310111
133114400002333000
445342222123212000
125411333233031011
304425020221331111
153315212301221100
305420432123232011
235023330301020101
totalCombNum,N,totalRuntime are 3004 65 3884


053052030012020100
351534200320020010
022040203000301001
102430102022220000
320423320012130001
433542303320230010
500143100010013001
230003503002222110
542004010300030101
445025223110312001
504102030300201010
254441011121312011
404530502100101001
304001120001020100
402300301033003001
541053301002000101
513030400201032010
044213300100302010
130233020010202000
305315003003000010
212520020300200001
255135302002010100
111004302013002010
535445420332021101
001124500201320100
410113212001020010
343340510213111000
552010500020101001
203400200303133010
401204401112211111
015255533020103010
105505010202300000
453222110030100001
332150402100020100
031414131103103100
134321201012000001
050303420123010000
221354100303020001
123102521103000010
100051411031110100
421031010101000010
240512400211010010
414452500200210010
500250203233311111
150344431020120111
322222312010033101
200255021302223011
223443533332211011
402251231200312010
055521002320122101
005534131003001010
311245522132031001
021512410233230100
431040513111012101
243001532132223010
022215120311303001
552553003200033010
544304223120310111
133114400002333000
445342222123212000
125411333233031011
304425020221331111
153315212301221100
305420432123232011
235023330301020101
140430103000203010
040104010030102010
524121403023003010
314001101030030010
510332002030330100
020500102200302000
030301000202001001
totalCombNum,N,totalRuntime are 3004 72 3221


042440030120120110
331225330120303110
511344522003303111
000132400012333001
033321511202002010
440350510330033100
214421020321033000
024513122302103000
205333532120111111
230504132323030101
113103430232323000
055254332231121111
343530122011211101
301043201311032000
403414003200212101
412233323203000011
322154400322212011
102521113133321010
122305501111131100
504200301020101101
325402021333310011
530453013011200010
420020232222122110
532212202321021100
144034211110302000
241110403233100011
011005213033212110
140241321111210000
411552101010201011
434145421131111110
151435012322021010
555545120210232010
203055220103320001
223242313322132011
354312533213220101
252023401010213100
310311410100131010
455101203100303011
521031132030011101
545122412102010011
115010331001320001
135032011203222101
104351113312213100
543003520132130111
240415133031032101
150210420002321100
453224033333330010
434240102030301111
403434301023013001
054540323231312110
023525231223212101
034153522231120110
411434211011232001
555303310303232000
344331230012023011
320425510100213101
120413410312000110
234514420321303000
522100123011133100
210530033232030111
033121332113321001
002252513031301010
302350001222011111
505144002121123001
432552531202112010
totalCombNum,N,totalRuntime are 3004 65 3766


042440030120120001
331025300100100100
511340520103303000
000132000300303010
033321511202002010
440350510330030001
014020020321010001
024513122302103000
205333501020101001
230504102023030100
113103430230323001
055254332231121111
343500102001201010
301043201311032000
403414003200212101
412233323203000011
322154400102202000
102521110103020100
122305501111131100
504200301020101101
325402020030300010
530453013011200010
420020232222122110
532212202300001010
144034211110302000
241110403203100000
011005213033212110
140241321011010001
011552101010030000
434145421131111110
151435002322021010
555545120210202001
203055220103320001
223242313022002000
354312503003020100
202023003002013010
310311410100101010
455101203101002010
521031130030101010
545122412102010001
115010331001320001
135032011203222101
104351103300213000
543003520132130111
240415133031032101
150210420002321100
053224030330330000
434240102030301111
403434301023013001
054540323231312110
023525231223212101
034153522231120110
411434211011232001
055303310303230100
344331230012023011
320425510100213101
120413410312000110
234514420321303000
522100123011133100
210530033232030111
033121332113321001
002252513031301010
302350001222011111
505144002121123001
432552531202112010
301205030100203000
011304522000300000
000030400202030101
204401030020030010
252020401010203000
totalCombNum,N,totalRuntime are 3004 70 3237


501122001311103000
231241410020123010
145443331301111000
112202031302202110
134131221201233001
204050003231311101
120020400322031011
035230501210120110
531034132033002010
210501123311110110
324225111003311100
355511011022001100
544340203122110111
143550410010300011
550214323231301010
021452113222230111
513104401003210000
252410230003232110
453013103113123111
151115512132211101
043545022233030100
405253421112032011
340042521003212010
430333010330311101
233532302122022010
525424022112323011
310155230130023001
502554510310133010
311300322200333110
442140120120301110
421523231200200000
223321531031302000
332435403231110011
015002210131301111
414403503021021110
054312432310013110
022123303000102100
414015310210202101
105305133323221110
303243212311101111
452051302103020010
000411302000100000
255123402331013001
232354233003332000
413422320233233001
044534423122131011
110244200331322101
551133022132131101
345304530313023101
424004010223020001
530201130111031001
521145423310232111
241315121002322101
015532423121320111
554402312103233001
431410532333030101
322315111201132000
132023422132212101
323535111321233000
004432232211200100
043221201332230010
154041502233010011
totalCombNum,N,totalRuntime are 3004 62 3630


501122001311103000
231241410020203000
040440301001003000
112202030102002000
134131220200103000
204050003010301000
120020402022030000
035230501201020000
501034102033001000
210501103000110000
324225111003011000
305011020002003000
540340200122010000
143550010010003000
550214303200301000
001050113020200101
513104401003210000
252410230003232110
453013103003123000
151115510102010100
040545002233003000
405050401102030100
340042520010203010
430333010010310100
033030300120002000
525424000112320010
310155230130020001
502050502010003000
311300322000303000
442140101020301000
421523231200200000
223321530030302001
332435403230003010
015002210131301111
414403503021001001
054312430310003010
022123303000102100
414015310210202101
105300130020201010
303243002300101110
452051302001020010
000411302000100000
255123002300013001
232354233003330100
413422020203030010
044530403002001001
110044030301322000
551133022132131101
345304530313023101
424004010223020001
530201130110301001
521145023310032010
241015121020322000
015532423101320010
504400312103033000
431410532333030101
322315011201102001
132023422132212101
323535110321033000
004432232211200100
043220200302030101
154041502233010011
045043330300110101
100400331030100100
102002030300202010
204050010201011010
350511001020000101
020452100202010001
405253420000102000
230532300122002001
502550500300100101
105005103030200010
100305003020221001
050504020020101001
040201201330030010
totalCombNum,N,totalRuntime are 3004 75 2655


554130030012000110
523553402212113100
505205103312010001
334404422323230111
403211321120020000
333045033300302111
401450503321332000
405032412132312110
241010122203303100
111121401300201100
050240403231221010
112244112231122110
521342221021222111
402324001213103101
524221532033302111
245023533012020101
520014200110031100
242455430030033000
054315332301032010
105143110023233000
052001501021103000
055154222200301011
251544331132010001
110535520223031100
243334513001211100
244541213113112000
331233200301123000
332112523130311110
404502131200101000
330351110202030001
113300230130310000
240252001320133111
114052303113223010
155411022002121111
335520321011321011
400425232022210000
440103320100302111
322430311200100001
012513011332211100
053422110113030101
221105011111120001
414343403320310011
122443203321123011
343114421323013111
021331112030323010
425341500111212111
040105521032202001
004133031211130111
145515533333121011
532252210002111010
213034522031232100
202302423222223011
314020213203202001
351133313312331110
431431130000310111
134452011110002011
515442330133320101
300313333232213110
453202122201001000
232054030203022100
033524402010231001
541543411123001111
totalCombNum,N,totalRuntime are 3004 62 3581


554130010102020000
523553402202103010
505200103010200010
334404022023030000
403211300120020100
333045003300300010
401050500020030000
405032412130312001
201010100200300101
111121400300300000
010040403001020000
112244102200100001
521342221021202010
402024030010103000
524221530033300000
245023503002000000
520014002010031001
242455430030033000
054315302301002010
105143101020033001
052001501020103001
005150202000303010
251544330102010100
110535500223030100
240334513001001010
244501203010102001
331233200301123000
332112500130301010
404502131200101000
330351100202030000
113300230130010000
240202001300130100
114050303110203001
155411020302101000
335020021010303010
400425232022210000
440103320100302000
322430311200100001
012510011332211001
050420102003000100
221105010110020000
414343403320310011
122443203321123011
343104021303010001
021001112030023000
425301502011010101
040105521032202001
004133030211100100
145505530330121001
532250010202111010
213034020031232100
202302423022223000
310020213203202000
350100303312331010
431431130000310111
134452011110002011
515442300033320000
303013033230013101
453202122201001000
232054030203022100
033524402010231001
541043010003001110
500205100300002001
400450500301010010
241010102200303000
050200403030203000
402320030103103001
500010202010031100
055054220200302001
300520301001020101
030520320001300010
003422110113030001
303110401003010000
303041500111210000
051003003020202000
041010410023001100
totalCombNum,N,totalRuntime are 3004 76 2672


554130010102020000
523553402202103010
505200103010200010
334404022023030000
403211300120020100
333045003300300010
401050500020030000
405032412130312001
111121400300300000
010040403001020000
112244102200100001
521342221021202010
402024030010103000
524221530033300000
245023503002000000
520014002010031001
242455430030033000
054315302301002010
105143101020033001
052001501020103001
005150202000303010
251544330102010100
110535500223030100
240334513001001010
244501203010102001
331233200301123000
332112500130301010
404502131200101000
330351100202030000
113300230130010000
240202001300130100
114050303110203001
155411020302101000
335020021010303010
400425232022210000
440103320100302000
322430311200100001
012510011332211001
050420102003000100
221105010110020000
414343403320310011
122443203321123011
343104021303010001
021001112030023000
425301502011010101
040105521032202001
004133030211100100
145505530330121001
532250010202111010
213034020031232100
202302423022223000
310020213203202000
350100303312331010
431431130000310111
134452011110002011
515442300033320000
303013033230013101
453202122201001000
232054030203022100
033524402010231001
541043010003001110
500205100300002001
400450500301010010
241010102200303000
050200403030203000
402320030103103001
500010202010031100
055054220200302001
300520301001020101
030520320001300010
003422110113030001
303110401003010000
303041500111210000
051003003020202000
041010410023001100
totalCombNum,N,totalRuntime are 3004 75 2672


142542403323212000
502103211213103001
403031421121331101
113311330213231011
450252000010103110
214422210312302111
055540230001031001
422424130211031000
550002533211232001
225253412212131110
033421013033102000
000312102302013110
540420420201103100
230545311231323010
011305402023030110
022032320130120001
343251202033223000
131253121301000111
252135013300001101
241010531130211101
253101120122310000
124100001021323111
421315223110112111
445104313303302111
523541502300001111
105425531130220110
351423302220312100
315030103303223000
130034212022110000
414543123030120101
504250333032012011
432310512012200111
254314401033221100
301544010112033110
515314022121310111
012254531120303101
320113520103201101
044333032210230010
335102431330131100
541435111112022010
334055500101110010
322331523131022011
153023020332021000
530041221323203010
010145132232330111
201121313322103001
413150332000102001
121452333201233011
023352101103220010
303245210021330101
224501521211320010
203224401222322010
345411332023313010
044515100320111001
212213213300011101
451200333202131100
421324022332132101
142345322310033000
130522100301120011
155400312123022010
400444521312231111
512533003000311110
301230430013213101
544554332230303000
totalCombNum,N,totalRuntime are 3004 64 3734


142542403023212000
502103200210003000
403031400120300001
113311020213030101
450252020200303010
214422210300002000
055540230301030010
422424130211031000
500002030210030001
225050410012001000
030401010020202010
000312102302013110
540420420201100100
230040311230302010
011305400303030010
002032320200100100
043251202030020100
131253101301000101
252135000203001001
241010531130211101
253101100000010100
124100001021323111
421315203110112010
445104003303300001
523541502300001111
105425530130220001
351423300220312001
315030100300200010
130034200202020101
414543123030120101
504250333032012011
432310512012002010
250304010033001000
301544010102030000
515314022021310101
010204501020203000
320113520103200001
004030102010230001
335102431030131001
501030010001020001
334055000103010100
302031010030020010
153023020332021000
530041221323203010
010145132232330111
201121013002103010
413150332000102001
121452333201233011
023352101103220010
303245210021330101
204501500210300010
203224401222322010
345411332010203010
044515100320111001
212213213300011101
451200333202131100
421324022332132101
142345322310033000
130522100301120011
155400312123022010
400444521312231111
512533003000311110
301230430013213101
544554332230303000
550002503010202010
225203410010030001
205050412203002001
033420003003103010
054010401003020100
012250501120103000
044303032020010000
540435111102002001
320330503131002010
200501021011020101
totalCombNum,N,totalRuntime are 3004 74 2995


152221000110001000
455030310010311100
031021131322221000
303003422110010011
213240431320133000
050505220302333100
245131520330312111
425313530322030110
200314201011021000
320120211131131110
120445412001110110
551113102001003100
242400103212102011
424301302033133100
222055002310220001
534444310132221101
532310023230300100
344215333103213111
015550502103002100
312104033222012011
505425531121002101
433155400203111000
021142321110302110
540052213323031100
524231403201100101
130233232212232001
003432011203133110
111335100133320100
335202511011221011
401254123032333110
043324412010310011
104150321321220101
234523323213023011
510411320310111011
155044003203113011
153512430032222000
320534101320000110
410322202100202011
442543001001121000
353453232021311100
014013213031002101
301541210111110101
254342111100010101
323351123323200010
034214502033331010
140205033333031111
541503430333300011
402435211223120011
140024512123203110
033122520301222101
231451030202232001
305030222210330111
432532430120101000
451341510302033001
201010031122312011
522151320002033011
022151533232123000
513500331121323001
005314401220232111
144421013210122010
425202120022132011
totalCombNum,N,totalRuntime are 3004 61 3409


152221000110001000
455030300010301000
031021131002001000
303003420100030010
213040402020033001
000505201000303000
205001500030310100
425313530322030110
200304203001021000
320120011031030000
120445412001110110
551113102001003000
242400100212100001
424301302033133100
220055002010000100
534444310032201010
532310003000300100
344215333100210001
015550502103002010
312104030202012010
505425500100002010
433155400203011000
020140320110002000
540052213301002010
504231403201003010
130030002002002010
003432003003103010
111005100010020001
335202511011020010
401254123010202010
043324410010310101
100100021300000001
034500023020203001
510411020310111000
105000003000103000
153510401032222010
020534100300030000
410322202100202011
442043001001120010
050453032030310001
014013213030102001
300541200200010100
254042110010010000
323351120323200010
034214502033331010
140205033333031111
541503430333300011
402435211003020000
140024512120303010
033122520301220101
231451030202232001
305030222210330100
432532400120101000
451341510302033001
201010301122310100
522151320002033011
302100503000102000
510504001021020100
005314401220232111
144421013210122010
425202120022132011
213240030000203001
050505020202030100
245130520030010001
020100200000301000
202005002300220010
300305000020203001
021042300200302001
130233230012201000
111330100130300101
104150301320200100
200523300213003000
055044003003113010
103012030030000000
353400230020001001
301500210010102000
022050533232120001
513000330101323000
totalCombNum,N,totalRuntime are 3004 78 2711


343311332103002101
254111021212002001
124122102023320001
301134232131201010
242005430121311101
154200310133001100
422521200131232101
215253203303022100
513052502112231110
523423433233001001
404333523021212010
040403002120232100
000230431312320011
233240122120210101
435042030033301101
455415412032220011
544000221320020101
531545303222322011
351013511320330001
032141510301021100
103535010301022101
025024321202012110
202432321313233011
413154311320123101
014355131333100110
525031103220103010
152314110000331111
111451420003310001
320225523010033001
441202110212003101
334444400100133001
221320012311113010
312550012212110110
130343211212103100
145100533211231010
053512233030313100
240504521033101111
502214013111100110
335352401101122000
410410101001202011
550153300001110100
322503110303322010
501325233221011110
041135432120103110
120051202303233011
130412223211302010
055540420330220111
434534432022203000
131422513132013000
505241132001331001
003055301330123111
323340423033212010
244123231102220110
522210322322231001
433402100220310011
241043520222012010
514434021233223110
352420103101121000
011522511013231010
441051233202320111
410044123311312100
200301321111130101
212101003232131100
053533030132010011
totalCombNum,N,totalRuntime are 3004 64 3642


343311332003002000
254111020210302001
124122103023300001
301134200001001000
242005430100300100
154200310133001000
422521200131030010
215253202001002001
513052502110031000
523423430201001010
400333503010000010
040404002020032001
000230430012020001
233240122120210101
435042010003001001
455415412030220000
544000221320020101
531545303002302001
351013501020330100
032141500301020000
103535010301022010
025024000202010100
002405010300203000
413154310020100101
014305130300000101
525031103220103010
152304000030303010
110451420100010010
320225520010030010
041202110202003001
334440402010133001
221020012301003001
312550002202010001
130343211002103100
145100530011003010
053512233030313100
240504502033101000
502214013110100000
335352400100122000
410410101001202011
550153301000110001
322503110303322010
500325203021011010
041135432120103110
120051202003230001
130412220211010010
055540420330220111
434534432022203000
131422513132013000
505241132020330101
003055301330123111
320340403033210101
244123231102220110
022210320322201000
433402100220310011
241043520222012010
510404021203223101
352420103101121000
011022011000231010
441051033020320001
400304100311302101
200301321111130101
200101003232031100
053533030132010011
404030500001010001
400230401010300010
030001010010001001
025020301201012000
202432301303030010
204055101033002000
401305020200301000
510030020230203001
001500501013203001
010044023300310101
totalCombNum,N,totalRuntime are 3004 74 2845


343311332003002000
254111020210302001
124122103023300001
301134200001001000
242005430100300100
154200310133001000
422521200131030010
215253202001002001
513052502110031000
523423430201001010
400333503010000010
040404002020032001
000230430012020001
233240122120210101
435042010003001001
455415412030220000
544000221320020101
531545303002302001
351013501020330100
032141500301020000
103535010301022010
025024000202010100
413154310020100101
014305130300000101
525031103220103010
152304000030303010
110451420100010010
320225520010030010
041202110202003001
334440402010133001
221020012301003001
312550002202010001
130343211002103100
145100530011003010
053512233030313100
240504502033101000
502214013110100000
335352400100122000
410410101001202011
550153301000110001
322503110303322010
500325203021011010
041135432120103110
120051202003230001
130412220211010010
055540420330220111
434534432022203000
131422513132013000
505241132020330101
003055301330123111
320340403033210101
244123231102220110
022210320322201000
433402100220310011
241043520222012010
510404021203223101
352420103101121000
011022011000231010
441051033020320001
400304100311302101
200301321111130101
200101003232031100
053533030132010011
404030500001010001
400230401010300010
030001010010001001
025020301201012000
202432301303030010
204055101033002000
401305020200301000
510030020230203001
001500501013203001
010044023300310101
totalCombNum,N,totalRuntime are 3004 73 2837


153120032110222100
130244502310301101
104022122201020101
433350211222013110
313220410231331011
415143523101023000
350334100011012111
501345533021230111
252542111233011100
454201333323300100
503533312132322101
341115222322302001
335003322030231100
244551433110133001
550014421300003111
534131200030121000
545223101212213000
213404121301303011
440434032133031111
220154303222200011
211035231203201000
512052002022312100
155453211322131011
235513030101100100
402412400010220111
142302321001123001
131105410212012111
025333422323323100
301255020333023110
322232213111000000
014311011230200110
032122133303132100
043040510111100110
000504211001101110
324441531202112100
421525100120102101
051425300012010100
110530520310210110
005150111101112011
123011103033031011
522400003113011001
211210300001112100
200321522101121010
042201530311232010
351512522302033011
535424213230000001
411043032030232010
250545331320112011
412443203012223110
200452513233132011
444243420032223001
553435013320332000
240503523321321111
332314410132123000
221021011303313011
422035033321320011
144105201002310000
131044323233002111
015322320023323110
355021130232031000
114140012121332011
335205321123213100
253552422303213010
414414411030000011
totalCombNum,N,totalRuntime are 3004 64 3747


153100030100020001
030204500300300001
104022102203020101
433350200222013001
313020400031001010
405143500201003010
350334100011012001
501340030021030100
252542100230011000
454201300320300101
503533310032322000
341115222020302010
335003322030231100
204051433010030001
500010420000003010
534131200030101000
545023101210202010
013404121001303000
440434032003031000
220154302022203010
211035231203001000
512052002002300100
155453201303031000
235513030101100100
402412400010220111
142302321020123000
131105400210202001
020030422020003001
301255020330020010
320232213101002001
014311010230200100
032122133303010101
043040010110103010
000504210003001000
324441501203030000
421525100120100101
051425300012010100
110530520310210101
005150111101112011
123011103033001010
522400203113001000
210210303001110010
200321522100121001
002201530001232000
351512500302033001
535424213230000001
411043032030232010
250545331320112011
412443203012223110
200450510233130101
444243420032020101
553405013320032001
240503503321001010
332004410132123010
221021011000310010
022035033301320000
144105201002310000
131044323203002101
015322320023323110
355021130302031000
010103012100330000
035205301103203101
253002022300210010
414414411030000011
100200502010302001
303220400201301001
501305503002030001
244551030010003000
500223101000010010
025333400300103010
503010500110100100
114140012101302001
050500402003210100
totalCombNum,N,totalRuntime are 3004 73 2841


525332132202030001
322433410311323100
250012333121323011
141145330120201000
205055101022122101
153120101310312111
431211103011123111
502350313303011010
052521031222100110
340444111123112110
404154532110203000
303451322031030101
045540523011223000
130504310212331010
115111410001111100
104212001111310001
251024223331103010
014513122333001101
354422500102221000
311410212222030000
130153023202013000
132102212033020101
400200200132101011
203535201011010101
024035323020131000
335405033333312010
001552420000302011
455223301103032011
550325412031033100
513314001210221110
544341210231312001
531303521120100110
422215522200312110
234000430203210011
242043002101131101
443242413322110110
220131511330232111
033233230001211000
123001511113003101
421530000113010010
325254211000001000
012404100111201001
141434401100000110
010140010010010100
350552431002123111
402322432233223010
142301412132302111
055305120213231011
415454223020120111
404043423301203111
324123023122132101
514121303312223101
512032531232121001
213255132233332110
242453113222202001
353341330333122010
543421330210322011
324042122332021100
244312023333313010
531241312312201101
533525100310223110
350330500320322001
totalCombNum,N,totalRuntime are 3004 62 3572


525332132000030001
322433402011323000
250012330021303001
141105030100200000
205055100302020001
150120100300310010
431211101010123001
502350310303010101
052521001022010101
340444001023012010
404154532110203000
303451322031030101
045540523001023001
100504300202001010
115111403001001001
104212001110302001
201020200331000010
014513002330200100
354422500100221000
300410202002030101
130153023203001001
132102210003020001
400200200100101010
203535201011010101
024035323020101001
330405033030002001
001552402000302010
450203301100300010
550025412001033001
513314000203020101
044041210200300000
531303521120100100
422215522200010010
234000400203010001
242040002101131010
403202403022110000
220131011300200101
003203230100211000
123000510013003001
421530010103010001
325254211000001000
012404100111201001
141434401100000110
010140010010010100
350552431002123111
402322432233223010
100301012132300100
055305020213031000
415404220020101010
404043420301200101
324120023100132000
514120303012003010
510032501232100001
210255130033302101
502010013010202000
353341330333122010
543420300210300000
324042120032020001
244312023330313010
531241302302201101
533525100310223110
350330500320322001
101045030020102001
103120101020010101
130504010300331010
251024203030003000
311010012220030101
035402003330310101
405223300100032000
500300200201012001
205000030030201001
440200413002100010
200101501030230010
030233030101011001
200403113002202000
040053103220200101
totalCombNum,N,totalRuntime are 3004 76 2679


525332132000030001
322433402011323000
250012330021303001
141105030100200000
205055100302020001
150120100300310010
431211101010123001
502350310303010101
052521001022010101
340444001023012010
404154532110203000
303451322031030101
045540523001023001
100504300202001010
115111403001001001
104212001110302001
201020200331000010
014513002330200100
354422500100221000
300410202002030101
130153023203001001
132102210003020001
203535201011010101
024035323020101001
330405033030002001
001552402000302010
450203301100300010
550025412001033001
513314000203020101
044041210200300000
531303521120100100
422215522200010010
234000400203010001
242040002101131010
403202403022110000
220131011300200101
003203230100211000
123000510013003001
421530010103010001
325254211000001000
012404100111201001
141434401100000110
010140010010010100
350552431002123111
402322432233223010
100301012132300100
055305020213031000
415404220020101010
404043420301200101
324120023100132000
514120303012003010
510032501232100001
210255130033302101
502010013010202000
353341330333122010
543420300210300000
324042120032020001
244312023330313010
531241302302201101
533525100310223110
350330500320322001
101045030020102001
103120101020010101
130504010300331010
251024203030003000
311010012220030101
035402003330310101
405223300100032000
500300200201012001
205000030030201001
440200413002100010
200101501030230010
030233030101011001
200403113002202000
040053103220200101
totalCombNum,N,totalRuntime are 3004 75 2679


010440003020233001
054152231212112010
111535211100103011
511013522211212011
443301113110123000
142113423022330101
040221322300013000
450513220333001000
120352102201001111
331240503122001001
545540201211300011
432054212000223010
522235330011131010
424140422031100011
030134411300322110
534401020200020100
200501232012130100
514324110332230110
305335121032010110
251224400201020101
252340113233312101
244035513023201110
033313231031010010
341452030033332001
235022413303130100
503152433123203111
304413300200323010
213252320130321110
312101412313011011
350000501131133001
415224532110310011
225413111122113010
323524203023222100
453430002220031100
103040530302021110
155201311033202100
021001110321310111
102424001311101101
002512501103000011
401342311122002100
025151500310021001
134550303111010001
550402521200132101
332033012002213000
433125101303232011
355253222033202101
301031331132223101
512311532323332011
505323003321332110
111505033223111100
140310421232223010
033545420121322111
221141032100110001
022114322222203101
514215032212311100
300220132310301110
232444223012020100
450455403301113001
144504113113132000
454032211321201110
314143323210021010
000203230130211111
totalCombNum,N,totalRuntime are 3004 62 3375


010400302030230101
054152231012110100
110530201000202010
511013020201002001
403001110010120001
142113423022330101
040221302301013001
450513220333001000
120352102200101000
031240503022001010
545540200203010001
432054212000223010
522235300010130000
424100401031010000
030134411020300101
534401020200020100
200501202002030000
514324110032003001
305335120030010000
251224400201020101
252340110230302000
200010500000202000
033313230031010001
341402002030003001
235022400300102010
503152433120201000
304413300200323010
213252301010320101
312101412313011011
350050500131133010
415224530100310001
025413110102103010
323004010020002000
453430002203031000
103040530302021110
155201311003030000
021001110321310111
102424001301001001
002512501103000011
401342301102002000
025151500310021001
134550303111010001
550402521010132000
332033012002213000
033125101003232000
355253222033202101
301031331130223001
512311532323332011
505323003321332110
111505033223111100
140310421232223010
103545420121022000
301141002100100010
022114322222203101
514215032212311100
300220132310301110
232444223012020100
450455403301113001
044504110103132000
050032010321000000
314143323210021010
000203230130211111
010040003020233001
101505200300303010
301013500210200010
443301003010103010
040020020303003010
202040113030012001
244035513003001001
041450030203030010
200403101020003010
320520203003020000
220140030100030010
404032200321200101
totalCombNum,N,totalRuntime are 3004 74 2819


420202011021212010
404250100203101111
501544410120122110
152000200000320000
141114001203330100
223332430200101111
021020523013031100
200125203030003110
544501333113001100
353204512032301010
002412301310312011
431235312330010101
454025400222312101
340310422331111111
242355511323112100
332521111100002000
025451012231320100
523515122121232011
102131522101211001
515530231011012100
413341003213120001
305035031122021100
201303132112330110
211011213322203011
310053320210231001
135103403331132100
422244223102331100
530552500202320111
255324321001220111
234410021120211101
351152223111113111
043433211122110000
123140310322103011
014134133301323000
552523030330103011
445213530000023001
012405421201103011
034345212213033111
545042131033200110
150444130101010001
324043502013100101
114222502130030001
050231400013230110
133054431011011000
103525301322232011
251240022030012010
440420523202132010
555412402233303110
311423120033213001
035551323013321001
211501310011203110
443111432231021010
404544223221023001
513342001120301110
542153130233312000
553251333122202011
102313313012130111
totalCombNum,N,totalRuntime are 3004 57 3331


400202011000200010
404050100020101000
500044410030122010
102000200300320001
141114001203030001
223332430200200100
021020500010201001
200125203030303010
544501300113000001
353204510300301000
002412300310202001
431235302330010001
454025400022002010
340310422330002001
240355500323010000
332521111000001001
020451012001020100
523515122020032001
102131500101010101
505530030101010010
413341003013103010
305005030120020000
201303130012330000
011011203322203010
300003320201001010
030103400200102101
022240200101001010
530502502002020001
205304030000020000
234410001120211001
001102220100100101
043433211122110000
123140310302003001
014134133000023001
052523030330100000
040210530100103001
012405421001103000
030345202210030010
040002101030002001
150444130101010001
324043502013100101
110200501030030000
050231400013030100
130054401010010101
103525301322232011
251240022030012010
400400520202030000
055412002233300100
311423020033210100
035551323013321001
211501010101020101
050501400230101000
404544220220023001
510342001120301100
542153030233312000
553251333102202000
102310310000100001
420202001021010000
400250100203102001
501500400102020001
303004012032001010
202050501320100010
025002010030101000
102130022020200000
515030230201002001
305035030102001010
310050300103031001
105100403301030101
422004003100300100
250324001001220101
205024302001220100
051150223110013000
301152203000103000
004030100300301010
004104010301300101
500523030300101000
405203502000023001
030305010200003100
104305210213033001
045040101020200101
104222002130001010
110022002130030010
133004031011010101
040420503202002010
500410403030303010
443110032031021010
102013013002130110
totalCombNum,N,totalRuntime are 3004 87 2513


