2300323022001000101
5003233110020012100
1412211302220011101
4103010221211111010
3110131221112000101
1300002210020022110
0030323202210221000
1132323101120110001
4213321300010201111
2220113110220011010
0413032102020221011
4020222001211121001
4331131110121000000
2012201120101110101
0322330321101010100
4412303012102102100
3431312020021212000
3222001202200120100
5113010020000020110
5232002110111200100
5420120302011101001
3001023310102001111
2133102311102222001
1023110200102212001
0202111000012102010
2401030201010000110
5311321201212102100
3303210100122211111
0121200212100121011
1231230021211100111
totalCombNum,N,totalRuntime are 1992 30 770


2020320020100200001
5003233102020012010
1400201302201010101
4102010301011010101
3010030201002002001
1301002210020020101
0030303002010220100
2001003001020002010
4213321301010201010
2020113110220000100
0410002102001020010
4020222010200120101
4030131010020000001
2012201120100110010
0302030320020000101
4410203012102000001
3431312020021010010
3222001202000120001
5113010020000020110
5202002110111000000
5420120302011101001
3001023310102001111
2133102311002222001
1023100100102202001
0202111010202002010
2401030201010000110
5311321201212102100
3303210100122211001
0121200202100120001
1231230021011100101
2300303022001002000
1012010302220001010
4003010020201101000
4103010200201010001
3110130220202000010
3110101001010010101
0030023200200201001
1100320101020010001
1102023101020101001
2200103010020011010
0403032000000221001
4331100100200202010
0320330301100010010
0402300010002002010
5032002010111200100
totalCombNum,N,totalRuntime are 1992 45 614


2020320020100200001
5003233102020012010
1400201302201010101
4102010301011010101
3010030201002002001
1301002210020020101
0030303002010220100
4213321301010201010
2020113110220000100
0410002102001020010
4020222010200120101
4030131010020000001
2012201120100110010
0302030320020000101
4410203012102000001
3431312020021010010
3222001202000120001
5113010020000020110
5202002110111000000
5420120302011101001
3001023310102001111
2133102311002222001
1023100100102202001
0202111010202002010
2401030201010000110
5311321201212102100
3303210100122211001
0121200202100120001
1231230021011100101
2300303022001002000
1012010302220001010
4003010020201101000
4103010200201010001
3110130220202000010
3110101001010010101
0030023200200201001
1100320101020010001
1102023101020101001
2200103010020011010
0403032000000221001
4331100100200202010
0320330301100010010
0402300010002002010
5032002010111200100
totalCombNum,N,totalRuntime are 1992 44 614


2413200021210221000
4310203121002001011
2212302100001100110
5322121211002220101
0013112210000012111
4122210002011121011
2031330122112011011
1030221101022120101
5413033010022100011
3333012102111000000
0230230201112020001
4233131310211201110
3422100222100102000
1410113302111210100
3211121001021111001
1223023200201001011
5201311122100212111
4431322200220222000
0132023320221212011
0401001112100000100
2100121211111112101
4002020302120010000
0320332000100111011
3103333311000121101
5030000001101021101
3020213100202200111
1302330010111102111
5101202312212112100
1111102121020000001
2321013301220011110
totalCombNum,N,totalRuntime are 1992 30 813


2410200001210201000
4310203121002001000
2212302102002020100
5322121211002220101
0013110202001012000
4020010300010120101
2031330122010020101
1030221101020101000
5413033010022002011
3330010102011020101
0200230201102002001
4233131310210202010
3422000220200102001
1402010302001010000
3011121000001010100
1223023201001001010
5000300102000202010
4431322200220222000
0132003000021210010
0401001112100000100
2100101210101002010
4002020302120010000
0320332000102011010
3103333311000121101
5030000001101021101
3020213100202200111
1302330010111102000
5101002302212102101
1111102121020000001
2021013002020102010
2013200020200220010
0010010202000002001
0010012010010102010
4122210002001001001
1000202000202020100
3303002100101001010
0030200200102020100
1410113302110200001
3211120020020101000
0200311020101010001
5200310120100010100
0102020320001200010
0132020100201010001
2100020202010102001
5001200310010110100
2301010101020010100
2301010301220010101
totalCombNum,N,totalRuntime are 1992 47 684


2410200001210201000
4310203121002001000
2212302102002020100
5322121211002220101
0013110202001012000
4020010300010120101
2031330122010020101
1030221101020101000
5413033010022002011
3330010102011020101
0200230201102002001
4233131310210202010
3422000220200102001
1402010302001010000
3011121000001010100
1223023201001001010
5000300102000202010
4431322200220222000
0132003000021210010
0401001112100000100
2100101210101002010
4002020302120010000
0320332000102011010
3103333311000121101
5030000001101021101
3020213100202200111
1302330010111102000
5101002302212102101
1111102121020000001
2021013002020102010
2013200020200220010
0010012010010102010
4122210002001001001
1000202000202020100
3303002100101001010
0030200200102020100
1410113302110200001
3211120020020101000
0200311020101010001
5200310120100010100
0102020320001200010
0132020100201010001
2100020202010102001
5001200310010110100
2301010301220010101
totalCombNum,N,totalRuntime are 1992 45 678


2002003002121002110
5312331321121001100
0201311302111020000
0313200112021211010
2403300320202012101
5101102210021100001
1132310122001220111
4112111002200101011
3231130101201202101
3422221102220121001
3113033301012012000
0432122011012002011
5410232012111222100
4003332121010001110
3003111220101110110
4301223310201211111
0021030211210220100
4220200011112002101
0120323220101111001
1011212212012102011
1213123011000110110
1421132310220101110
1300001202110022001
2131231021101010001
3330302010101100010
5030020301200101110
5223013121122110000
2320111110022221010
2212022200110111101
4433013200020120000
totalCombNum,N,totalRuntime are 1992 30 800


2002003002020202010
5312301020020000100
0201301302001020000
0303020102020010100
2403300320202012001
5101102210021010001
1010020120202020010
4112111002200101001
3231130100200202001
3422201102020001010
3113033301012002010
0400102001010201001
5410202002101222010
4003332121010010101
3003111220101110101
4301223300201210010
0020200210020200010
4220200010112002100
0120323010201001001
1001010202012001001
1203123011001010100
1021132310220020101
1300001200110202001
2131231021101010001
3330302010200100010
5030020301200101110
5223010021020110101
2320111110002220010
2212022200110111001
4403013202000120001
2002003010001000100
5302030301001000000
0200310300101020000
0200010300002002010
0313200100010201000
1102000022010220010
1130300102001200100
3002021102020021000
0432020002012002010
5010230002011002001
0101030201210020100
0120300200200000001
0300102020001111010
1011212012002102011
1401030310020101101
5020003120122100000
4033013201020020010
totalCombNum,N,totalRuntime are 1992 47 633


1333131100212200100
3020211202120210110
4131233021020220101
0130212211200211010
3101032000111000000
1112223102112122001
4322020310000012100
0301303012101001111
2103100301000011100
3203223311201222001
5030001300212022010
4002111220201000111
5313113111011220101
0222000300211020011
3312132321120101100
0403121011222112000
2422033110010220100
1000310011112100111
4410202100110011100
5200132112000100101
2211011012011002110
3431300102022201110
2011322302202112101
1421111301100011111
4223332222112121011
5122321000120001010
5411230220001112000
0013033121001111110
2330223221121100010
1232002220021110101
totalCombNum,N,totalRuntime are 1992 30 817


1333131100202201010
3020030200100202001
4001002021020020100
0100010210200100000
3101032000111000000
1102203002002020101
4320020310201012000
0301303002001010100
2103000301010010010
3200223011200222010
5030030300202001001
4002111220201010100
5310113101010220001
0202010300210020100
3312132321020100010
0403120010202002000
2022003100010200100
1000310011112100111
4410202100102000100
5200132112000100101
2211011012001020100
3431300102022201001
2010320302202110101
1421111301100011010
4223332222112121010
5122321000120001010
5411020220201002001
0010030121001011100
2300203201101101010
1232002220021010000
3020211001020210101
4130103020020200001
0030012010100202001
0130202202000202001
1112220102010002010
0300303010201001000
2003100301002001001
3003203300200201001
5030001020010020001
5013010102001200100
0220100002001020000
0403001010220102010
2402033010010020101
2001022020200102100
2030302002002002001
5001230020102010000
2030220101020100100
totalCombNum,N,totalRuntime are 1992 47 607


5111303120221102001
3123330102102200010
4221032220212211010
1433010100112020000
3421231011220211101
1112332311120121000
4412203312111022000
0101211011012022100
3210002311011022001
0010100202111111110
0203222100020111010
4033112011200010101
5330212211000220011
2311220011202220000
5402021022110000111
3333113222011112101
5203100001101211000
1231011000021100111
1322101210000012111
4301311111111101010
1000223122220201011
2232303012102100111
2100031200122010110
0332033300221210110
3002020300100100110
5021130322002222111
4130120001021101011
2013311321000011101
0420323221001002001
2422112102111102110
totalCombNum,N,totalRuntime are 1992 30 838


5111303020220102010
3123300100102200010
4221032220212201010
1403030100102020001
3421231010220211010
1010330301020120100
4412203302101022001
0100211010012002000
3210002311010022001
0010100200111002000
0203022002010011010
3033102010200100101
5330212210200220101
2311220011202220000
5402021022110100010
3030113020001002010
5203100001001011010
1231011002021020001
1322101210010012010
4301301111111001010
1010203102200201000
2030303012102020100
2100030200122010101
0332033300221210001
3002020300002000100
5020130300010020001
4130120001021101011
2013311321000011101
0420323221001002001
2002100102001010110
5010300100200002010
0123030102002000101
1430010100010020101
1102302301020021010
0101201010010020100
0203200100020110001
4003010000200010100
3303003020002020100
3303003202010102000
1000220122200201010
2202303012102100101
5001130301002202000
2400112100110002101
2022012100001000010
2020012000101102101
totalCombNum,N,totalRuntime are 1992 45 665


3001100202200001011
5312022221110111001
3133112120002010011
5103033322020102010
1010133202112120110
4010023120212011001
1431321012102100110
5020210001201202101
4121123011101210010
3222331010111201110
3310223310021102000
2110300100210121000
4232310321220120101
5231303211002022011
4402132202100002001
4303201012010200111
0200120000022121001
0330332111000102100
2432213220122011010
1211232120021211000
2213031102100012001
2003322011001010111
2321110311122201011
5420101120000110101
0411013021011101011
3433030301211220110
1102010101011012110
0123211212211221000
1323002301200020011
0032001311121010100
totalCombNum,N,totalRuntime are 1992 30 807


3001101010200100010
5312022220110011010
3103102020102010101
5103003302020100101
1010033200102100101
4010103120212010001
1030301012002010101
5030201000200202010
4121123000001202000
3222330000110201100
3010220310020202000
2110300100210120001
4202010300220120000
5231303211002022010
4402132202100002001
4303201012020020101
0200120202010120001
0330032110200102001
2402201000002002000
1001230120020211001
2213031102102010000
2003322001001010101
2001100301002200010
5420101120000110101
0011030101010101000
3433030301211220101
1102010101011012110
0103011212211221001
1323002300200020011
0032001311121010100
3001030202000201010
0103002020002010100
3130112102002000000
5103030322020102000
1010100000110020010
4030020100202001010
1401321010020010101
5020210001001002001
3300203300101101001
4010300300000100001
4010310321020020000
0300300102000010101
2032003220020101001
1000202101020200001
1201202020001210001
2020110302022001010
2301110011102201001
0410013000201001010
0120211210010201000
totalCombNum,N,totalRuntime are 1992 49 616


3001101010200100010
5312022220110011010
3103102020102010101
5103003302020100101
1010033200102100101
4010103120212010001
1030301012002010101
5030201000200202010
4121123000001202000
3222330000110201100
3010220310020202000
2110300100210120001
4202010300220120000
5231303211002022010
4402132202100002001
4303201012020020101
0200120202010120001
0330032110200102001
2402201000002002000
1001230120020211001
2213031102102010000
2003322001001010101
2001100301002200010
5420101120000110101
0011030101010101000
3433030301211220101
1102010101011012110
0103011212211221001
1323002300200020011
0032001311121010100
3001030202000201010
0103002020002010100
3130112102002000000
5103030322020102000
1010100000110020010
4030020100202001010
1401321010020010101
5020210001001002001
3300203300101101001
4010310321020020000
0300300102000010101
2032003220020101001
1000202101020200001
1201202020001210001
2020110302022001010
2301110011102201001
0410013000201001010
0120211210010201000
totalCombNum,N,totalRuntime are 1992 48 616


1301130010120021010
4302300222222100101
2413110121121010010
0110102301012012011
5200210101100201000
0231312220001021011
2021301311202021011
5022123211110012111
3112010102022221101
0402223011222021100
0023010012111202001
3320320321021100100
3001202000010110100
1402011302201202011
3233121200121022111
4133123110100000000
5113331022200111111
2330213121211112110
1030030120010200010
2212020202120000000
1213303310212110000
4421302100111222000
0313231101100110101
4011212312220001010
1121222211011210111
5431003000011220111
2103132000001210010
5332032300122202000
4220031001010111110
3430133212200121000
totalCombNum,N,totalRuntime are 1992 30 806


1301130002020020000
4002300220202010001
2413110020121010001
0110102000202002001
5200210100100201000
0230310200201001010
2020301001202001001
5022103201010200001
3110010102020201000
0402223001020020000
0023010012011202000
3320320320020100100
3001202000010110100
1402011300201202010
3230101010100002011
4133103100102001010
5100330022020111001
2330213121011112001
1030030120010200010
2212020202100201000
1213303310212110000
4421302100111222000
0310030101100110100
3010212012020100101
1121222211001010110
5431003020201220111
2103132000001210010
5332032300122202000
4220031001010011100
3430133212200121000
1001030000100201010
1300101010200001001
4020200200020001001
4302000222010102010
0100100302002002001
0201002020020020010
2002001010100020101
2001001301002020010
5020120010010000001
3112010101002020100
0402220300202001000
0203121201020002010
3003101010101020101
4130020110100020100
5110301022010100100
5003030020200000100
2030200100201102101
0303231100100100101
4011012300220001010
totalCombNum,N,totalRuntime are 1992 49 644


2211122211021012010
2332201302200010010
3311332202101201001
3131001120222120011
2100010012001121000
4001123102111200000
3402111001021211111
4420032011000110100
5323121120102110101
4230302321111022010
5202230100001210011
0300321000121012001
2001333320022211001
0122113121010111110
3233223011000101110
0411220300110000111
0033131212201220001
4312310211212120110
5012003010100001100
2423310100111001101
1010232110110122000
1430100320121010000
3020210301012002111
1102022011210222111
0213002311102101001
5131312301110001100
5420003202222222111
4113231220120001001
1303003201000112100
1221311022212001000
totalCombNum,N,totalRuntime are 1992 30 816


2211120211020102010
2332201302200010010
3311030202002010010
3101001100222020010
2100010002001121000
4001023002001020000
3402011001020200100
4420032011000110100
5323121120102101000
4230302321011022000
5202230100001210001
0300321010020012001
2001333320102200001
0102003020010010110
3030020010100101000
0411220301020000101
0033131212201220001
0312010200212101000
5012003010100001100
2423310102011001100
1010230110110022000
1430100320121010000
3020210301012002010
1102020010202002010
0203002310102101001
5131312001110201000
5420103202220022011
4113231220120001001
1303003201000112100
1021011022010202000
2010102210020012010
3310302000101201010
3010102002020200101
3030000120202020001
4000120102100200101
0122113101010011001
3233203010000100110
4002310200010101010
4302010010202020001
1010202102001020100
1102022001210202001
5101010300200101000
0400201002202002110
5020000200200220111
1220311002200001001
totalCombNum,N,totalRuntime are 1992 45 680


2211120211020102010
2332201302200010010
3311030202002010010
3101001100222020010
2100010002001121000
4001023002001020000
3402011001020200100
4420032011000110100
5323121120102101000
4230302321011022000
5202230100001210001
0300321010020012001
2001333320102200001
0102003020010010110
3030020010100101000
0411220301020000101
0033131212201220001
0312010200212101000
5012003010100001100
2423310102011001100
1010230110110022000
1430100320121010000
3020210301012002010
1102020010202002010
0203002310102101001
5131312001110201000
5420103202220022011
4113231220120001001
1303003201000112100
1021011022010202000
2010102210020012010
3310302000101201010
3010102002020200101
3030000120202020001
4000120102100200101
0122113101010011001
3233203010000100110
4002310200010101010
4302010010202020001
1010202102001020100
1102022001210202001
5101010300200101000
0400201002202002110
1220311002200001001
totalCombNum,N,totalRuntime are 1992 44 674


4130130311201002100
3300113222002221111
5002112101010001000
1311320100021021111
1030301022210202001
0303031302111111000
3123311020200102101
5333200010020010010
0232320211212100011
2322010012221112111
0011113021121010100
1423133210110000010
5220330320110210011
2233103110011120100
5411121210201112110
2401302301221211010
3023023311012211010
1101002201012110111
4321222101210100001
5100023002102121001
3231032002021011100
4002230210101221100
0423002111000022100
2010222120102111011
2102031220020001111
1202213300200122011
4430313022122012001
3412200112100000000
0110231110012220011
4213001311010010011
totalCombNum,N,totalRuntime are 1992 30 785


4130130301201002100
3300113222002220001
5002112101010001000
1311320100021021001
1030301002010202001
0303030302010100001
3123011020200102000
5333200010020010010
0232320200202100000
2322010002020112110
0011103020001010100
1403133210010001000
5220330320110201000
2033000101011020101
5401020010200101010
2401302301221210010
3003020300010202010
1101002201002010100
4301022001210100100
5100023002100020100
3231032002021011100
4002230200201221000
0423002110100022001
2010222120102110010
2102031200020101010
1202213300200122011
4430313022122010000
3412200112100000000
0100201101012200101
4213001311010010010
1030301020200202000
0303001300102001000
3103301010202000100
2020010012201002000
0001103002020020001
0011010021101000000
1020100200100000000
2200103100001020001
5010101000200101010
5011021200002002001
5010120200001102100
0401121010001010101
3020023301002200100
4021200101210200101
0102001020020001000
0110201010010220101
0110030100002010010
totalCombNum,N,totalRuntime are 1992 47 625


2032002102002202011
3030133301111121000
4121203222100022110
5301012322211210000
5132223001102110111
2411123110111101110
0420013002021111000
4310323300200211001
0101031111110202111
0312100100102020100
0023300321110101100
5223131002000202100
3422212310002001011
0230222202201201001
1200003320110212001
4212130020001010101
5400300210201220010
3231300112022222101
4433012121120102101
5013222110221011001
3310021211201112000
1013210212101101001
4001201010012010100
1120122100212020000
2110311320021121100
2323233020202000010
1432331211212011100
2202110201020111011
3103020020010020110
1331332000020010111
totalCombNum,N,totalRuntime are 1992 30 791


2002002002000202010
3030133000102020000
4121203220100020010
5301010322210200101
5002203001002100000
2411123110111101110
0020010000020010101
4310323300200201000
0301030001000202000
0302100010102020001
0023300301000100010
5223131002010202010
3422212310002001010
0230222202201201001
1202003320100212001
4212130020001010101
5400300202001220010
3201300112022222010
4433012121120102101
5013022110220011000
3310021201201112001
1010203002000101001
4030201010012010001
1120120100202020001
2110311301021121001
2323233020202000010
1002001011010002000
2202110201020111000
3103020020010020100
1331332000020010010
2030000202002200000
2002002010200202010
3030130301000120001
4120200202020002010
4001000202000020100
5132020100101010001
0402013002010001010
0020013002021010100
0100030111000202010
0101001100100200011
0310200100002020100
0020301020100101001
1013010202101010001
1120102100210020100
1402331210210011101
totalCombNum,N,totalRuntime are 1992 45 621


3030133000102020000
4121203220100020010
5301010322210200101
5002203001002100000
2411123110111101110
4310323300200201000
0301030001000202000
0302100010102020001
0023300301000100010
5223131002010202010
3422212310002001010
0230222202201201001
1202003320100212001
4212130020001010101
5400300202001220010
3201300112022222010
4433012121120102101
5013022110220011000
3310021201201112001
1010203002000101001
4030201010012010001
1120120100202020001
2110311301021121001
2323233020202000010
1002001011010002000
2202110201020111000
3103020020010020100
1331332000020010010
2030000202002200000
2002002010200202010
3030130301000120001
4120200202020002010
4001000202000020100
5132020100101010001
0402013002010001010
0020013002021010100
0100030111000202010
0101001100100200011
0310200100002020100
0020301020100101001
1013010202101010001
1120102100210020100
1402331210210011101
totalCombNum,N,totalRuntime are 1992 43 621


4400031110011220111
0032301002120101100
1201223000100112100
3120123022002220000
3431212212210101111
1020332201200021011
2013020212220112111
3013103311010102010
5103310122101102101
1323011312112110011
2431322301012112101
0423133002011022100
5002221120012001111
0100002200212010000
4320200301122012110
1131000111001000000
1412102120121200001
0311321111200010100
2113230320101221000
3302011301211011011
4233022202211101000
5201333301120011110
2200101010101121110
0221210320010210111
2322013111001000100
5321002020210220010
5330133210110101011
4132311221020222111
3212330100122110100
4011113001201210111
5410110000101100100
totalCombNum,N,totalRuntime are 1992 31 845


4000030110000220010
0030303020102002001
1200223000100202101
3120123022002220000
3030202210000200100
1020332200201021000
2013020212220202010
3013100301010102010
5103300122000102010
1023011002012010101
2431322301012012001
0403033020201002010
5002221102012001010
0100002200212010000
4320200301122002010
1131000111001000000
1412102120021202001
0310320010020001001
2100200020102001001
3302011300201001001
4233022202211101000
5201033301120011000
2200101010100121100
0220210320020210010
2322013110101000100
5021002020010220010
5330133210110100101
4132311221020222110
3212030100102010101
4011113001201010101
5410110000101100100
4400031000000001010
0032002002120101001
0400212010200001000
3401202202200100100
1303000312002110011
1020010302020110101
0420130302001020100
0011001101202000101
2103230300100221000
0110200100001020010
5301002020200220101
3202300100020010100
totalCombNum,N,totalRuntime are 1992 43 664


3330303302212000101
1120003302010201110
2321213110021202111
4313021020000111010
0130121101001120101
3023223201100200111
5232110111111221011
5003010312221010110
4231000210011000111
2433032110010111001
3222131210220111010
3402000121001022101
5421323300102102000
5112202220001100110
2010311301110000001
1011131122101122011
1410320110222112110
2102100011202001011
0322230300120021001
5320131000110100111
0401113220200102000
1303132201102000110
4022122320010122011
2200322222200020100
0213001310112120011
4113333101121212011
4400211012212210100
1232213000100122001
3111012011001011111
0032302022022211000
totalCombNum,N,totalRuntime are 1992 30 791


3030303300210000101
1120000302010201000
2321213110021202000
4313020020000011010
0030020101001100101
3023220201100200010
5230100101000221001
5001010012020010101
4231000202011000101
2433032110010111001
3222131210220111010
3402000121001022001
5421323300102002000
5112202220100100101
2010311301110000001
1011101122100102001
1000300101020112100
2102100001202001010
0320230300120021001
5320131000110100111
0401113200200002000
1303102201002000100
4022122320010022001
2200322222200020100
0010020300202100000
4113333101121212010
4400211012212210100
1230213010101020001
3111012011001001110
0032003022022210100
3330300102202020010
1120003002010201001
0130021001001020100
5003010302221010010
5003010010201000010
4001031022000102001
1011101002001020000
1410320010220202010
0302030100010020010
0402003020201002000
0400110020200002010
1303030200102000101
0213001310102020101
1202010020100120010
1230013010100102000
0002302020020201000
totalCombNum,N,totalRuntime are 1992 46 676


3030303300210000101
1120000302010201000
2321213110021202000
4313020020000011010
0030020101001100101
3023220201100200010
5230100101000221001
5001010012020010101
4231000202011000101
2433032110010111001
3222131210220111010
3402000121001022001
5421323300102002000
5112202220100100101
2010311301110000001
1011101122100102001
1000300101020112100
2102100001202001010
0320230300120021001
5320131000110100111
0401113200200002000
1303102201002000100
4022122320010022001
2200322222200020100
0010020300202100000
4113333101121212010
4400211012212210100
1230213010101020001
3111012011001001110
0032003022022210100
3330300102202020010
1120003002010201001
0130021001001020100
5003010302221010010
4001031022000102001
1011101002001020000
1410320010220202010
0302030100010020010
0400110020200002010
1303030200102000101
0213001310102020101
1202010020100120010
1230013010100102000
0002302020020201000
totalCombNum,N,totalRuntime are 1992 44 676


2200211310012122011
1030001320001000110
4101202022211021000
3232320110220022000
5311322312202220101
2312211020101202100
0212001322020011101
1403323021001201111
3321203221001111010
5433211110220101011
0113331200210210111
2033022211200121000
0001232011021100000
3010003002212201101
3420332010111110001
1223112202200112100
0330120120112001100
5202133220101010000
2131133012120200011
5023100001010212010
0421013300000022010
4303030300110012010
3103111311002112000
2422300102111011010
1311210111020210011
1122132110112121111
4221221001121201011
5100020101000110111
4410100211022101111
4032313101100010010
totalCombNum,N,totalRuntime are 1992 30 796


2200010300012002001
1030001020101002000
4101202022211020101
3232320110220022000
5311322302202220101
2312201020200202000
0210001022020000000
1403303020000200010
3321203221001100010
5433211110220001000
0113030200200200001
2030020200200021000
0001202010020020101
3010103002010201100
3420332000100100000
1203012202000112010
0330020000012001001
5202133220101010000
2131133012020200101
5023100001010212010
0421013300000022010
4303030300100202000
0103030300002110000
2422300102111011010
1301210111020210100
1102002010100101010
4221221000121201010
5100020100000110001
4410100211022100111
4032003101101010010
2200201301002020101
1000002010101000100
1030100300001002010
2012010020101000100
0202030320020001001
1403023020001000010
0110301201010201010
0110331200200010010
2033022001200120101
0010230011001102001
3010003020202001001
1020100202200100001
1203010202200102100
0300120120100201000
3000111020010020000
3103011310010112001
1010010100020010000
1122030010112020001
2022102010100020101
1000032100012021010
4030310101002010100
totalCombNum,N,totalRuntime are 1992 51 659


2200010300012002001
1030001020101002000
4101202022211020101
3232320110220022000
5311322302202220101
2312201020200202000
0210001022020000000
1403303020000200010
3321203221001100010
5433211110220001000
0113030200200200001
2030020200200021000
0001202010020020101
3010103002010201100
3420332000100100000
1203012202000112010
0330020000012001001
5202133220101010000
2131133012020200101
5023100001010212010
0421013300000022010
4303030300100202000
0103030300002110000
2422300102111011010
1301210111020210100
1102002010100101010
4221221000121201010
5100020100000110001
4410100211022100111
4032003101101010010
2200201301002020101
1030100300001002010
2012010020101000100
0202030320020001001
1403023020001000010
0110301201010201010
0110331200200010010
2033022001200120101
0010230011001102001
3010003020202001001
1020100202200100001
1203010202200102100
0300120120100201000
3000111020010020000
3103011310010112001
1010010100020010000
1122030010112020001
2022102010100020101
1000032100012021010
4030310101002010100
totalCombNum,N,totalRuntime are 1992 50 659


3312011200121202111
1410032200102001001
3021231012212111010
5221022010100120001
3401130121021102111
4033020211112201000
5430200100221212101
1320210302000101011
0300121022222122100
0403023311010010000
2423310011102020110
2330032012110200011
1231103020111202101
3213222002021010100
4200232321110111001
0111230201112220101
5333331321002000111
5102112202100011001
4422111112120112100
0023002110201002111
5011113300010000000
0232310220212101011
1002322300121010110
2201101100111210010
3130303300100222100
4311303112202110111
4132033000001021110
2010020320200122001
1113121111201121101
2122203221021201001
totalCombNum,N,totalRuntime are 1992 30 793


3302011200201002010
1410032200102001001
3021001002010201000
5221022010100120001
0401030120020102001
4030020200100001010
5430200100221212010
1320210302000201000
0300020022022022001
0403003310010010100
2420310300102020100
2030032012000201010
1231003020010202000
3213220102020010100
4200232321110110010
0101030201010202010
5333331321002020100
5102012202010011000
4422011102101010101
0023002110201002111
5011113300010000000
0202300200012001010
1000300300101000010
2201101101011010010
3130300300100022001
4311303112202110101
4132033000001021110
2010020320200122001
1113121111201121101
2122203221020001000
0312011000020202000
3020231010212001001
3400130020200101000
3010100101020102010
4003020210200200101
0300100002002020010
0403023001010010001
2003310001100020101
2330102010110200100
3003002002001002001
0101200202012220101
5000100202002010010
0402101010100001001
4020110010020012010
0202010301020101010
0032310200100100101
0202010020202010100
1002322020121010001
3100303020100202000
totalCombNum,N,totalRuntime are 1992 49 636


3302011200201002010
1410032200102001001
3021001002010201000
5221022010100120001
0401030120020102001
4030020200100001010
5430200100221212010
1320210302000201000
0300020022022022001
0403003310010010100
2420310300102020100
2030032012000201010
1231003020010202000
3213220102020010100
4200232321110110010
0101030201010202010
5333331321002020100
5102012202010011000
4422011102101010101
0023002110201002111
5011113300010000000
0202300200012001010
1000300300101000010
2201101101011010010
3130300300100022001
4311303112202110101
4132033000001021110
2010020320200122001
1113121111201121101
2122203221020001000
0312011000020202000
3020231010212001001
3400130020200101000
3010100101020102010
4003020210200200101
0403023001010010001
2003310001100020101
2330102010110200100
3003002002001002001
0101200202012220101
5000100202002010010
0402101010100001001
4020110010020012010
0202010301020101010
0032310200100100101
0202010020202010100
1002322020121010001
3100303020100202000
totalCombNum,N,totalRuntime are 1992 48 636


1320033201212010111
4121010001100112101
2420220121010110100
3332210212001002001
0112211221110011100
3023310112122111100
2133003002112000101
3403131000210120101
1400113301120021010
1231202112212120011
0300322012001120001
2201312200210010110
5102120112012202111
0431001310022202110
2012130310101222001
4202303210001102011
5011000221201011111
1113330312201112100
3110202010120222011
5422012201121221111
0223120201211201000
5230331011220101010
5313233300010210100
4333132122010211010
4000222321021000101
4412301122202120001
3211023321111101001
0001033100011011001
1032321020000202111
2321101300121101000
totalCombNum,N,totalRuntime are 1992 30 837


1320003010202020010
4001020000100002000
2420220101001010001
3332010202001002001
0112211220100011010
3020310102122010000
2133003002102000001
0403031000020010010
1400113300120100101
0201200102002120000
0300322010200120010
2201010200202010100
5100120102012010100
0431020310002202110
2002130310100202001
4202303210200102000
5011000221201011111
1103300312001010010
3110202010020222010
5402012201020021001
0223120201211201000
5230331011220101010
5313233301020200101
4333132122010211010
4000222321021000101
0402001122202002000
3201023020110001010
0001033100011011001
1002321020000200101
2021101300000102000
3020030201002020100
1320030201002000100
4121030001020002001
4020010000001010010
2020020020010001010
0003010102120102001
1003010110022111000
3403101020210020000
1031202010202020010
1230202010012020010
2201312000010100100
5100100100100102001
5002020002010202001
2010130310101020000
1110300302201012000
5022012200100020010
5022010101010200000
4410301102002020000
3210020321110101001
2301001010121100001
totalCombNum,N,totalRuntime are 1992 50 673


3232031320102001001
2430003112212201101
4301333022102022111
2113101002002112000
3131223311101101011
1002113220202010010
4220202110111211101
3402300221001121010
0120200320012221100
5010203012020000101
0031130102021202110
2221030001010110010
5101032111200020011
3023122122110100111
1110330201101011000
0212321000001111110
5200111201121021100
4411131301010010011
5333020320002112110
1430022001122120010
5422312111210202110
0301012211210200101
1321101110000211101
2013312320020121110
4132310212120110111
3310210000221212001
0423213200120002010
2302221200111010110
4013021111201201100
1203233312210102110
totalCombNum,N,totalRuntime are 1992 30 789


3232031320102001001
2030203020210200100
4301030020002001010
2113101002002102000
3101003011101001010
0002103200202010001
4220202100101210100
3402300221001020010
0100000020010020101
5010203002020001010
0030100002001002001
2221030001000102000
5101032100202020001
3023122122110100101
1110330200101002001
0212321002001100001
5200111200020020100
4411131301010010101
5003001020100112000
1430022001122120010
5022302100210202000
0301012211010201000
1321100110000201000
2013312320020121001
4132300202020010111
3000201010021210001
0423213200102001010
2302221200111010010
4013021111201201100
1203233312210102110
2030003110202201001
2401010102000201001
2030010012002020010
4301303002002022001
0101223301001020010
1002013020000010010
0120200302012220000
0120200300012001000
0031030101020200010
5030100200020010101
5010110200101001010
5333020300002002100
5400302010200202001
5020300101020202000
1020101010002011000
4102010210020110010
3310010000220102000
totalCombNum,N,totalRuntime are 1992 47 634


3232031320102001001
2030203020210200100
4301030020002001010
2113101002002102000
3101003011101001010
0002103200202010001
4220202100101210100
3402300221001020010
0100000020010020101
5010203002020001010
0030100002001002001
2221030001000102000
5101032100202020001
3023122122110100101
1110330200101002001
0212321002001100001
5200111200020020100
4411131301010010101
5003001020100112000
1430022001122120010
5022302100210202000
0301012211010201000
1321100110000201000
2013312320020121001
4132300202020010111
3000201010021210001
0423213200102001010
2302221200111010010
4013021111201201100
1203233312210102110
2030003110202201001
2401010102000201001
2030010012002020010
4301303002002022001
0101223301001020010
1002013020000010010
0120200302012220000
0031030101020200010
5010110200101001010
5333020300002002100
5400302010200202001
5020300101020202000
1020101010002011000
4102010210020110010
3310010000220102000
totalCombNum,N,totalRuntime are 1992 45 630


2133313312010002000
4012230312002201001
5222203111112212010
0421222300200220010
3132112211002201111
1230011112000221000
5131032120210012001
2400033200102020111
0213332222222211111
0032323211110110000
2010102100100110010
4231211200111010100
1422320200221002111
5003121322121022111
3202020002110022010
0110101001201022101
5333000211000100010
3310233301121101001
4300322101201122000
1311131020112101010
4433103010020012111
5410311001011101011
3411303122211111101
3023131100001000110
1011012010201010010
0301010112021001000
2211120311220101001
2322211021001211101
4120020322012110001
1103203301121210011
totalCombNum,N,totalRuntime are 1992 30 825


2103013002000010000
4012030310020201001
5222203110112202000
0421222300200220010
3030110201002200100
1200011112002020001
5131032100200002010
2402003200102020000
0203030222010201010
0032323010100100100
2010102100100110010
4030200200101010000
1420300200020202000
5030021320020022001
3202020002110022010
0110101001201022101
5333000211000100010
3310233300000102010
4300322101200120100
1301130020112101010
4433103010001012010
5410311001011101010
3401303122210011101
3023131100001000110
1011012010201010010
0301010102021000101
2211120301200101000
2322211021001211101
4120020020102010010
1030203001020102000
2133310300010102001
4002200002002001010
3100102200010201001
3102112010020102001
1030001012010021010
5030102020200010101
2400030000101020100
1013002202202000000
0200332001002200100
0013030222000000001
0203030020022011010
4231011200101010101
1022320200201002101
5003120302020020100
2011020010220201001
4120020302012100001
1003200301101001000
1103200301120010011
totalCombNum,N,totalRuntime are 1992 48 668


4033212020022020101
5010123001201121000
5302323221120000101
4431230200011211110
0123320320211211100
4311101321111012110
3021020311020100100
2230223310221111000
1321213002202220101
0211012011112002100
3413323102102012001
2120101122002002110
4222321212100100110
1003001111210102110
1231330002111001010
0400303000010000000
4100033101211022011
3300310210202120111
5233000210001222011
2301002020011011111
2412110111120021000
5422032302212121001
1112122210021110011
1400111320101111100
3132201001011200101
0002201202121022001
0333131111100111011
2013332200000210010
5111211110100010010
3200132120120201001
totalCombNum,N,totalRuntime are 1992 30 789


4033212020022020101
5010123020200020100
5302323221020200000
0430200200010101010
0123300320200210010
4010100300010010101
3001020301020101010
2230223310220110101
1321213002002220010
0010010000100002010
3003020102102012001
2100101022002002001
4222321212100100100
1003001010200101001
1231330002111001010
0400303000010000000
4103020101201020010
3300310210202020001
5203000200001222001
2301002020011020110
2412010101120001001
5422032302212121001
1102100210021010010
1400111320101020000
3132001001000200100
0002201002020022010
0303130100010101000
2010332202000210100
5111211110100010010
3200132120120201001
5030103001020101000
4401230201010201100
0120020020011011000
4311100300202002010
3020020301020020010
0210012011002002101
0201010301010100100
0403303010102012000
3410323102000002010
2020100102002002001
1003020111010102100
4101033001001002001
5030020010200202001
1110022020201100101
3002201010011000001
0330030110101000000
0303031001001010011
2013030201010200100
totalCombNum,N,totalRuntime are 1992 48 619


4033212020022020101
5010123020200020100
5302323221020200000
0430200200010101010
0123300320200210010
4010100300010010101
3001020301020101010
2230223310220110101
1321213002002220010
3003020102102012001
2100101022002002001
4222321212100100100
1003001010200101001
1231330002111001010
0400303000010000000
4103020101201020010
3300310210202020001
5203000200001222001
2301002020011020110
2412010101120001001
5422032302212121001
1102100210021010010
1400111320101020000
3132001001000200100
0002201002020022010
0303130100010101000
2010332202000210100
5111211110100010010
3200132120120201001
5030103001020101000
4401230201010201100
0120020020011011000
4311100300202002010
3020020301020020010
0210012011002002101
0201010301010100100
0403303010102012000
3410323102000002010
2020100102002002001
1003020111010102100
4101033001001002001
5030020010200202001
1110022020201100101
3002201010011000001
0330030110101000000
0303031001001010011
2013030201010200100
totalCombNum,N,totalRuntime are 1992 47 619


5130202320000210011
2112330000211012000
3201201102221020011
4021321011000011101
5211031200102101100
3113122311122121101
1121300101220101101
2320223321101121111
5412200012011022000
1333022202011112101
1230313011102011101
4222110320112212010
0003230221221201101
2203012010020200100
0221022322100020011
0432023110222110111
1403131300100111011
2010103122112002010
3032020011001001010
1012211320200220000
4430032201220020110
3422333222000212100
5023312101001100100
4113003212111001110
0101311301010002000
0310100021000110101
2431111202011100001
5301123101221200100
3300311000111021110
4302232111022112000
totalCombNum,N,totalRuntime are 1992 30 805


0130002020000200001
2102030200210010010
3201201102201020100
4020201010200202001
5002001200202001001
0110020300102020010
1101000101010101010
2320223301101021001
5410200002010022000
1303020202011002001
1230313001002001010
0202110020110202010
0103030020020101001
2203012010020200100
0221022322100020010
0430023110202100101
1403131300100011001
2010100122112000001
3032020011001001010
1012001020100220101
4400002201020020010
3422333222000212100
5023312100100101010
4113003012011001001
0101311301010002000
0310100021000110101
2031110200001100101
5301120001221201001
3300311010011021110
4302232101022112000
5130103020000200101
5130200302020202011
5030201010020210100
2110330000200012001
4001321010200010100
5211030200102101001
3100100310122120000
3113122000020001000
3003020301002020101
1120300101020201001
1333002002011010100
1030303010102010010
4220110320112210010
0003200220201001010
1012210300200220101
4030032200200020010
4010030210001001001
2401011002001100010
5001003001021010010
totalCombNum,N,totalRuntime are 1992 49 625


2431033111202001000
4100000120102100011
0010332101201000001
3413022020111222001
4432321202112012010
1321133220121211010
1231111100200012110
5220022010211100110
1013020211100021111
3102130212200200110
4323333301000002000
3310213112210111111
5001203222020102101
1400202302022101001
0203121121222221001
2112022301120110101
2030111002002201010
4011102321211201100
5423110312002121101
0431100020020020100
3231301301022010011
3022001110011112010
4212213012121120100
5133231001121021010
0332012212011121101
0121223310101212110
1102311021010010111
2220330201011122000
2303200020011110100
5312321110022211101
totalCombNum,N,totalRuntime are 1992 30 829


0430033101002001010
4000003020101010101
0010332100200002001
3413022000100202000
4432321202112012010
1320133020121200001
1030010300200102000
5020020010210102001
1013020211010020010
3102130200200200010
4323333301000002000
3300010202201010010
5001003202020102000
1400202302002001001
0203001100220220001
2112000300100100101
2000001002002001001
4011102001210201101
5423110302002121010
0431100020020020100
3230300301020010101
3022001110011112010
4212213012021120100
5133231001101020100
0302002201000020101
0121020310101010101
1102311021010010111
2201030200000122010
2303200020010110100
5312321110022211010
2401003110201001010
4100000100102000100
3003000020101020100
0301130200102010000
1201110100100102010
5220002020200200010
3102030210201001000
0102030002010200100
3030203102210101001
5010200222020202010
0203120120202021000
0203020020010200000
2102022001020010101
2030111010100201000
1011100321010202000
3001301301002010101
0330012010201100000
0100220300001002000
0121223000010202101
2220300201001120100
totalCombNum,N,totalRuntime are 1992 50 652


0430033101002001010
4000003020101010101
0010332100200002001
3413022000100202000
4432321202112012010
1320133020121200001
1030010300200102000
5020020010210102001
1013020211010020010
3102130200200200010
4323333301000002000
3300010202201010010
5001003202020102000
1400202302002001001
0203001100220220001
2112000300100100101
2000001002002001001
4011102001210201101
5423110302002121010
0431100020020020100
3230300301020010101
3022001110011112010
4212213012021120100
5133231001101020100
0302002201000020101
0121020310101010101
1102311021010010111
2201030200000122010
2303200020010110100
5312321110022211010
2401003110201001010
4100000100102000100
3003000020101020100
0301130200102010000
1201110100100102010
5220002020200200010
3102030210201001000
0102030002010200100
3030203102210101001
5010200222020202010
0203120120202021000
0203020020010200000
2102022001020010101
2030111010100201000
1011100321010202000
3001301301002010101
0330012010201100000
0121223000010202101
2220300201001120100
totalCombNum,N,totalRuntime are 1992 49 648


