40201200332100001010
01011120323101110001
50112111301101001001
44223113213000101010
22300331320011010101
34322022300000010100
32230010111100010010
10300320001111111110
25221121010000011000
05232212101100011011
15002031013000001111
52323120112111010111
33133220030101000111
20120232023011111010
54211330022011101010
42002113000110110111
02023102030010101111
04101123231100110110
53000202103000001011
41322330131100100010
11130312212101001010
23012000222011101110
21203003131100111100
45130021333001010100
43111012120110111100
03300333312111001100
12111203213100100001
24032211000110111001
51030133220011101111
14010301130100001100
55330013032110110010
13223131321100111111
00103001200000011110
35313300223010101110
30031103111011000011
31301231002110011000
totalCombNum,N,totalRuntime are 2052 36 1031


40200200332000001000
01010020020010010000
50112101001001010010
44223113213000101010
22300331320000010101
34322022300000010100
32230010101010100010
10300320100110101000
20221020010001010101
05030010102001000100
15002030013010100101
52323120012001010101
33133220030010010101
20120232023001010100
54211330022001000000
42002113000110110111
02023102030100101001
04101023231001010010
53020202103001000010
41322303031010010101
11100312010000101000
23012010222000010010
21203003131010010010
45130021333001010100
43111012120010101010
03300333310101000101
10301203020000101010
24032211000110101001
51030130220001101000
14010301130100001100
55330013032100100000
13220101301000100010
00103001200000011110
35313300223010001010
30031103111011001000
31000231002110100000
01011020303001010001
50102010301010000001
25021101010010000101
05202202001000001000
40302030131000010001
10100302002001001001
11030302210000000101
10110203010100010001
12111200203100010100
13030101301100101001
10203030321100000010
totalCombNum,N,totalRuntime are 2052 47 840


40200200332000001000
01010020020010010000
50112101001001010010
44223113213000101010
22300331320000010101
34322022300000010100
32230010101010100010
10300320100110101000
20221020010001010101
05030010102001000100
15002030013010100101
52323120012001010101
33133220030010010101
20120232023001010100
54211330022001000000
42002113000110110111
02023102030100101001
04101023231001010010
53020202103001000010
41322303031010010101
11100312010000101000
23012010222000010010
21203003131010010010
45130021333001010100
43111012120010101010
03300333310101000101
10301203020000101010
24032211000110101001
51030130220001101000
14010301130100001100
55330013032100100000
13220101301000100010
00103001200000011110
35313300223010001010
30031103111011001000
31000231002110100000
01011020303001010001
50102010301010000001
25021101010010000101
05202202001000001000
40302030131000010001
10100302002001001001
11030302210000000101
10110203010100010001
12111200203100010100
10203030321100000010
totalCombNum,N,totalRuntime are 2052 46 833


32112121201010101000
43132133023111011001
40130322212101100000
20002211021101101011
10322101303000111110
15310331221001010000
42321011122000001001
51302010300101001110
02233332301101010001
21331302130100110011
52000203033001000111
25121233302111001001
03220211230011111010
53021020112101010000
01010333223001011101
12101310210011000000
13313212101001000101
35030011000100111010
22200113210011000000
23102030333110010101
11211120022101011111
04110100202100001110
31023011113100011000
30211030131100011001
00001003111010010110
05302022010111010011
41131200311011100110
34300223320000110001
24013022332011111110
44212001100110011111
50133031220010010000
55210122113010111101
33122302122111111111
45003100132010111101
54023333011110110011
14031013033010011100
totalCombNum,N,totalRuntime are 2052 36 1011


32012121201010101001
43132133003001000001
40030322202010000001
20302211021001000001
10320100003000100000
15300331221001000101
42321011122000001001
51302010301010000100
02203332300101010100
21331302130000000101
52010200033010000010
25021003302000001001
03220200230100001000
53021020012001000010
01010333223001001010
12101310210100100000
13313212101001000101
35030011000100111010
22200113210000010001
23102030333101010001
11201120102000101010
04110100202100001110
31023001013100010000
30011000030001000101
00001003111010010110
05302022010101000010
41130200311000010001
34300223320000110001
24013022330011100010
44212001100101010001
50133001220010100010
55210102013010001001
33020302120110100101
45003100032010101101
54023333011110100011
10030003030000001000
40100020301010000010
10302101302010100100
02230000300000100100
05101230102000010000
03020011030101000001
01200100020010000101
30200030031101001000
50200120103000010100
30122302022000100100
14031013003001010101
totalCombNum,N,totalRuntime are 2052 46 840


25201210110101010010
22220132332000110000
12113203213011111000
14311011332011100011
51010100102000101111
45013230301011110011
43203113003010001101
23000020003001000001
54122310211100010110
40120121010110010010
35333013221001011010
50303032323100111001
33121231213000100101
41331212212110110101
31112302013010000111
03112300321001000001
02231021212010001101
42302000121000011111
05022103033110001010
55103221122010101110
30212320132000011110
52211332000011011100
24310223021001010111
04323012100001101000
20132011200011001011
15300322301110101101
32010111300110001110
10031100311110010101
44033303230100110110
34200131203101001001
01102233331011000001
00130233113000010111
21223301010110000011
11212021021100100110
53331103032011101011
13021132120100110110
totalCombNum,N,totalRuntime are 2052 36 1047


25201200110010010100
22220102332000101001
12103001003010010010
14301011332010100000
51030100100100001001
45013230300101001000
43203113003000001010
23000020003001000001
50020010011010001010
40120121020100100001
35033013221010100001
50303032323000100100
33121201213010000000
41030212212010110100
31112302013010000111
03012300321000001000
02030201002000000101
42302020121001010101
05022103033100010000
55103221122010001010
30212320132000001010
52211330002001011001
24010223020101010010
04323012100001101000
20132010200001001000
15300322301010001001
32010111300110001110
10031100311000010010
44033303230100100100
34200131203001000001
01102230031010000100
00130233113000010111
21023301010101001001
20212001001100101000
53331103032011000010
13021002100100110001
22020030302000100101
12010203210001000100
54102310211010000100
30330010020000010000
41301010212101001000
00231020210010001010
20310203001010001010
01102203300010000000
11202020020101010000
13001030120000100110
totalCombNum,N,totalRuntime are 2052 46 864


13323110211111100000
24330323300001101111
51031002101011010000
54123003311001101111
01320123021101001110
34232232212111100111
05032120210111011000
25112111221111110111
50230310012111011100
55321233123001110000
10102221100101100100
52202121231100011010
23100103232010010011
30011100323000010000
20211002200010010001
35020130202111001101
41030231233001101111
21003230011111011111
03111212103010111100
04301011013101100110
43222301203000100100
45313322001111111101
42312000112000111100
14011320133010010010
44103110320011000101
15200003330000111010
02011201322111010011
31112313330000010011
40321003030101000001
00203330031111000010
11200032122100011001
32000313121101001001
53010132330100100011
12132030000000000000
22123102113110010000
33333021022011110101
totalCombNum,N,totalRuntime are 2052 36 1065


13303010210100000100
20300300300001000010
51031000101000001001
54123003311000001010
01320123000000000100
34202230201010100001
05032120210111011000
25102011220000000010
50030010002000010101
55321233123001010101
10102030000101101001
52202121231000101010
23100103232010010011
30011100323000010000
20211002200010010001
35020130202111001101
41030031233010100101
21003030010100000101
03101212103010101000
04301001013101010110
43220300203010100100
40313022000010010101
40302000302010001001
10001320103001010010
44103110320011000101
15200003330000100010
02011201022010001001
31112313300100100001
40321003030101000001
00203330031001000010
11200302122101010010
32000313121101001001
53010032330101000001
12132030000000000000
22023102103000101001
33333021022010110101
13020110211000000001
24030023302010100010
34032202010001001010
50230300012010000000
50200310010010001001
10100221100101010100
40030200030010001010
21003200011001001001
03022301003010100001
05013022001010010010
45310302001000010100
42312020110010100101
14011300130010001010
02010201302001010100
31100310030100101010
totalCombNum,N,totalRuntime are 2052 51 871


13303010210100000100
20300300300001000010
51031000101000001001
54123003311000001010
01320123000000000100
34202230201010100001
05032120210111011000
25102011220000000010
50030010002000010101
55321233123001010101
10102030000101101001
52202121231000101010
23100103232010010011
30011100323000010000
20211002200010010001
35020130202111001101
41030031233010100101
21003030010100000101
03101212103010101000
04301001013101010110
43220300203010100100
40302000302010001001
10001320103001010010
44103110320011000101
15200003330000100010
02011201022010001001
31112313300100100001
40321003030101000001
00203330031001000010
11200302122101010010
32000313121101001001
53010032330101000001
12132030000000000000
22023102103000101001
33333021022010110101
13020110211000000001
24030023302010100010
34032202010001001010
50230300012010000000
50200310010010001001
10100221100101010100
40030200030010001010
21003200011001001001
03022301003010100001
05013022001010010010
45310302001000010100
42312020110010100101
14011300130010001010
02010201302001010100
31100310030100101010
totalCombNum,N,totalRuntime are 2052 50 861


12203312301010011001
15100113120111111011
21023001112100110011
01210220203000011100
32131330203101011111
41122102021010000000
45330020133111100111
24001112200000101111
02302113012101000000
30232011332100100001
35221201100100110011
50310000030010111111
40111213001000111010
43033122312110011111
53301300231001011111
11032300002011010011
04132203333111010011
34100320021111111100
42211321100001011001
44300031212010001000
33313103110001101001
20203131023010011100
25012323220111100101
54223110113000111100
05103331011101100011
00011102110111000001
31000132130100010001
10023321231100000100
22320200330011001000
23132011101011111100
55113232302000011010
13010231013110011000
51301213322011100000
14311012103011110101
03222033020001000011
52032021020110101111
totalCombNum,N,totalRuntime are 2052 36 1031


12203312301001001001
15100113120000000101
21023001112001001010
01200020202000001101
02131030200100010010
41100102021010010101
45330020033001001001
24001112200001000010
02302113012101000000
30302010302001010100
35221200100101000101
50310000030010111111
40011213001000010101
43033122312010000010
53301300231000001001
11032300302000101010
04132203033000001000
34100320021010010001
42211321101000000000
44300031212010001000
33313003010010001010
20203131023010100100
25012323220110101001
54223110113000011100
05003031011000100101
00011102110111000001
31000130130000010100
10023020231101000100
20320010030010100010
23130010101000010101
55113232302000010010
13010231013101010100
51301200322001000100
14311002103010100101
03222033020100000010
52032021020100000100
01010220203000010100
32100300203000100101
40122002020100100101
30230011332000010010
04030003303101001010
00100330011000000010
31000302030100001001
10020320230000001010
22020200330010100000
03102001101001101000
51000213002001010100
totalCombNum,N,totalRuntime are 2052 47 862


33032220113010011100
14203021333100001100
40211022010001100111
20333212212001111000
35312001103000011011
24121300002110100001
51222330323111100101
00311323121011100101
55100333111101011101
41231101302000001110
32023213020100010000
25210220330110000110
34201011211011101110
52210013122011110111
10020101200010111111
31010312232010010110
02032022313100101101
50001201033101100011
12131330001101010010
23033303131000000001
22103131223010000111
13302113323000101110
15111132032111101110
44112213201101010011
53113120200100010000
43320032103011110101
05121010230011001111
42302300030100100011
01123122311011100110
04000232000011011010
03201301012111110110
30102130300000010001
21302023002000010010
54330102121110111000
45033001120001111111
11220221110111101011
totalCombNum,N,totalRuntime are 2052 36 1020


33032220113010011100
14203021333000010100
40211022010001100111
20300210202001010010
35312001003000100000
24121300202000100101
51022300303010100001
00301323021000000000
55102033111000100010
41231100302001010010
32023213020100010000
25210220300100101001
34201011211001010000
52210013122010000101
10020101200010111111
31010300202000000010
02032022313000101000
50030201030101001000
12131330201001010101
23033303131000000001
22003031020000010101
13302113323001001010
15010132032001000010
44112213201010101000
53103020200100000001
43320032003001000100
05121010230010001001
42302300030100100011
01123122311010100100
04000232000010001010
03201301012100100101
30102130300000010001
21302023002000010010
54330102121110010101
45033001120001010110
11220201110111010100
20333012212001001000
01202030020100010001
00011003120010100000
05100300100101001010
31010312032000101010
50101201003101010000
22100101223010001000
03013030200100010101
totalCombNum,N,totalRuntime are 2052 44 846


11210030003111010011
55330011103011100011
54022121023000001010
20102321002011001011
43210131031000000000
02301210123001010111
51331303231010110110
44303113111101000101
40011300323110011110
13133302112110110111
24301230202111101100
45121121210011000101
34113012003100100100
35112203000100000000
32322333013100111101
52200102302101010110
23020210213010001001
41022022212010101110
42030220101000010100
15030313032110110101
05003032121110110110
12130111220001100001
25231130311100011001
50110031010101001110
03212120000010010111
04230303110100100111
00213013202011110110
30032110131111110000
14102100331101111100
31200201233100111100
10321222000111111001
01123111330011111000
22313002130011111101
33301023322010000010
21221103121001000011
53003220330001000001
totalCombNum,N,totalRuntime are 2052 36 960


11210030003001010100
55330011103001010000
04020020103001001010
20102320020101010000
43210031031010010000
02301210123001010111
51030300201010010000
44303113111101000101
40011300303000010010
13133302112100100010
24301230202010001001
45121121210011000101
34113012003000000100
35112203000100000000
32322333013010101001
52200102302101010010
23020210213010001001
41022022212010100101
42030220101000010100
15010313032010000100
05003032121000100010
12130301220000001010
25231130310010011000
50110030010100101001
03212120002001010110
04230303010100010101
00213013203001000101
30032010130101000101
14102100301010100101
31200201233100110010
10300202000000010000
01123011330010101001
22013010101010101100
33301023322010000010
21220103121010100101
53003220330001000001
54022101023001010101
20030301002001010010
51301303031000100010
40010300320000001000
30030100031000100000
04002020331000001000
10021022010110101010
22013000030001010100
20310002030001100010
totalCombNum,N,totalRuntime are 2052 45 805


00103221210000011010
11212311121111100001
31131100112001011111
03030233321001111101
22102132113110100001
40012100232111011010
44223132012110000010
33310232130100010111
01200112002100010101
30230030103110101011
15311332322100011000
24300021101011010001
04111002020110111100
35003131321011001101
55022220101100011101
53103320223010001001
20021313321000100100
42332320320101111110
21013020330110010001
02310300101001101111
32022023032101110110
10220020230001001011
41321213113011110010
43102011300100100100
14003200013000110011
54210003313101100110
34132310231100110110
12123213101000000110
25333111210010011111
45110003011000100101
50330112011001100100
52211301212010110100
51101133230011000110
23221200012010100111
05222301033011110011
13031122201100100010
totalCombNum,N,totalRuntime are 2052 36 1040


00103221210001001000
11212311121010101000
31131000112001010000
03030230300010100001
22102132113001000010
40012100232001010001
44223132002010010001
33310202130010010000
01200112002000010100
30203030303100010000
15311332322001001010
24300021100000101000
04111002020110111100
35000131321010101000
55022220100100100101
53003300223000001001
20201303001010001001
42302020020101000001
21013020330100000101
02310300101001101111
32022023032100000010
10220010230001001000
40001210103001000100
43102011300100100100
14003203013010110001
54010003313101001001
34100310200101001010
12123213101000000100
25033011201001001001
45110003011000100101
50330112011000100000
52201001202010010010
51000133230101000101
23220201012000100010
05202001033011100010
10030020201010101001
03030203020101001000
30230020103010010001
20020010320010100010
42030320300101001001
41321203003010010010
34032010031001010100
20333030200100010010
02020301010010000000
50101102030100000010
05000300030101010010
13001122201100101010
totalCombNum,N,totalRuntime are 2052 47 812


01111201030110110101
52022201032000101010
53203103321001110000
31223230133010011100
20033001010100001000
41030221222111000011
55011320230010010101
54101232011100001000
14323010123010100111
33112022020111011010
22331033133011010001
34202301200110011010
30301003332110111110
43020300113111111010
32231110001001000110
25312310321010100010
04130003121011111111
15031300000001101101
50100102100000100001
12100330112110010001
23011131211110010011
45123012201101101001
21200311101110110111
11012113311101100101
13330211333010000100
40322113010001001110
03010112002001011110
42200032320100111000
51332012113100011110
44011112131010000010
24123222302111101010
35000121113100111011
05202233312010100101
00121230003100010011
02313323203000011101
10211322221011000101
totalCombNum,N,totalRuntime are 2052 36 1016


01100101030100000001
52022201032000101010
53203103320101010000
31223230103000100001
20033001010100001000
41030221222001000101
55010320230010000001
54001230011000100000
14323010023001010010
33112022020010100001
22331033133011010001
34202301200100010100
30301003302010000010
43020300103010000101
32230110001001000100
25302300321000100000
04030003120101000000
15031300000000101010
50100102100000100001
12100330112001010001
23011131211000010010
45123012201001101000
21200310010010000110
11012113301100001001
13330211333010000100
40302010020000101001
03010112002001011110
42202032320100011010
51332012113100100101
44011112131010000010
24020222002000001010
35000121113100111001
05200203302010100101
00121200203100010011
02313323203000001000
10200322201000101000
01011202020001010000
30203030030000100101
04130003001000000101
40322103010001000000
20120020302101000101
24003020302110001000
05002230310010100101
10211020201000100101
totalCombNum,N,totalRuntime are 2052 44 836


12330002032011111110
10101030131000111110
20001022222000000010
15303232300010001001
43010210020100111001
25130111112000100001
22020000321011011001
51100012000100110001
55233003023001100101
33101132003101111010
44311002103100001101
11023321033110011010
04030233332111010111
50312330110000101001
42213021203101100001
23323333200001111100
02111310302000000101
01102003320110101100
03232021110111011110
53221121332010100100
35012023001101111010
24322220013100110111
34133100232001010110
05222312231000000001
13131203111001100111
14212110221111011001
32120123110011001000
31333311121110011111
00303113013011010111
52002231121111011110
21211230230101110110
41002112012000000010
30221201311000011000
40130333303111000100
54200301210011110001
45321010031100101011
totalCombNum,N,totalRuntime are 2052 36 1081


12330002032001001001
10101030131000111110
20001022222000000010
15300230300100010101
43010210020100010001
25130111112000100001
22020000321011011001
51100012000100110001
55233003023000000101
33000132003001000010
44011002103010100101
11020321033000001000
01030203030010100010
50312030010010010000
42213020203000101010
23323333200100000100
02111310302000000101
01102003320110101100
03232021101000101010
53221120332010000010
35012020203001100010
24320020010100010001
34133100232001000101
05222302231010000101
13131203011010000010
10210110201100000101
32120123110010000100
31303011120100100010
00303013013010000010
52002231121101001100
21001200230001001001
41002102012000100001
30221201310010001001
40030303303010101000
54200301210001010001
45321010031010101011
15003202302010010001
04010233302100010010
40210201000100100010
20302220003010010101
14002110021000101001
31030300101010010010
30303300121010010000
00300110003001010000
21211030030101000000
40130033003101010101
totalCombNum,N,totalRuntime are 2052 46 855


03230203303011111110
35330231231000000000
02012233030110000111
54220310020100001011
32201012201111011101
45131302213111001111
53013002232111110100
00123012012100010001
22130121023000111111
31110113022011111111
43302112021101011100
15000030302011011000
44011211331011110110
25312210320110111101
23221331000110001001
11223210110110011101
30322300313001011100
14013022123101110010
24133033211010100001
40201223102110010111
50212131311101011100
10331113230010001010
55220113033001110101
12303301032110001000
42020020310001000000
52101202110010010100
33302011210111001111
04302100022011010011
34013323100000110100
21000001030011110101
51332021201010011110
13132020131101000101
20030132122010111000
41103232303110101010
05303121100111101011
01021300221001100010
totalCombNum,N,totalRuntime are 2052 36 1007


03230203303010001010
35330230231001001001
02012233030000000101
54220310020101001010
32201012201000101010
45131302213001000000
53013002232010101000
00103002012000010010
20102021010000001010
31110103022001001001
43302102021001010010
15030030302001010010
44011211330010100000
25312210320010100101
23221331000101001001
11223010010101000001
30322300303000100010
14003022023010100010
24103003011000010100
40201223102100100101
50212130311001000000
10301103230000010010
55220113033010010101
12303301032110001000
42020020300101000001
52101202110010010100
33301011210110010000
04302100022011010011
34013323100010010101
21000001030011110101
51301021201010100110
13102020101100100101
20030132122010111000
41103030303010101000
05303121100101010100
01021300221000010100
00120012002000010001
22030101023010010000
11020210110010001000
14010002103101010010
24033030210010100001
10031110200010000100
51032020200000101100
03130020130100100100
41003202300010001001
totalCombNum,N,totalRuntime are 2052 45 832


14201102212111010110
34331003131101101011
54212223023000011000
01101000011110010010
32003033112110011110
31213332203001100101
04200031220010110001
02323212310010000010
55320302002010001001
10111330321100110111
33223120330001001010
52311001113001011101
30300221030010011011
21300210122101100001
03310103323111001010
15033220023011110000
13010011302001000000
24021330300111000011
51132131211011110100
45100031312010010010
53102310210110110111
50023100330000000101
00032322332101100111
44103311203100101011
05212103100100101101
43311202111001001101
41001323330100001010
40322010103010110000
11320033230011100110
35122012021111010111
25111213233111001100
42230110021100011110
20202023213110001010
23031232000101111011
12132321101101111010
22023101231000011110
totalCombNum,N,totalRuntime are 2052 36 1074


14001002002001001001
34331003131010101001
54212223020100010000
01101000011110010010
32003033112010101010
31210300203001000101
04200031220010110001
02000212300101000000
55320302002010001001
10111330321100110111
33223120330001001010
52011001103000010001
30300221030010000101
21300210122010100001
03300103323101010010
15033220023001001001
13010011302001000000
24021330300111000011
51132131211001010000
45100031312010010010
53102310210010100010
50023100330000000101
00032322032000100000
44103310203100100001
05010103100010001001
03310202101001010101
41001323330100001010
40322010103001001001
11320033230000100101
35122012021101000101
25111213233000101001
42230110020001010101
20202023213010010100
23031232000101111011
12102321101100010101
22003001031010011100
04001100012010100101
10201102212010000001
31013032003000010001
02323202010001010010
00032020302101001010
05202100100010100010
43010202011001010101
40200010301000010010
22020101201001001010
totalCombNum,N,totalRuntime are 2052 45 916


43201130322001111111
33310100030010010101
24333133203010100110
04313000001001110111
34210020310010000100
05210233123110000001
42330203210010111001
00000311011001101001
45012010303101001010
35323331201100101110
41221013122011111110
21003131312110010010
54021213030011000100
22031010021110101110
55333121120000010011
30331222322111111100
23011022001111110101
52232332132100111001
02111120332101100101
10201032233010001011
31112313301101100011
51010000202101010101
01030102030010101000
44102322022000110001
40213131031011000010
03122323213010101101
13133212111000010000
53312111221011010110
11302220003010010110
12020103120111110010
32003001103011010110
14011011110101111000
25100231030101101101
20222300100100010111
15021302312010010100
50100003313110100001
totalCombNum,N,totalRuntime are 2052 36 1016


43201130322001111111
33300103030001001010
20300100003010000010
04303000301010010010
34200020310010010100
05210233123000101010
42330200210100100010
00000311011001000001
45002010203000100101
35323331201000001010
41221013122010010001
21003101312000010000
54021210030101000010
22031010021110101110
55330121102000000101
30330202020101000000
23010022001100000100
52232332130000011001
02111120332101010101
10201030230100010101
31110303001001000010
51010000202101010101
01030102030010101000
44102322022010010001
40210201001000100010
04022023013010101100
13133212111000010000
53312111221001001000
11302220000010010010
12020103120111110010
32003001103001010001
14011001110010000010
25100231030101001100
20222300100100100101
15021300302000010000
50100003313100000001
24033133203000101000
21003031010101010010
50003021120010100101
30331200302001010001
10201002233010101010
31002010303000100101
40213030031010100101
03120320203010100000
05020002310010000101
totalCombNum,N,totalRuntime are 2052 45 834


22233113030001111011
55312311132110000000
43132021000111000110
04332103130001101101
30202032010101101000
32110333231100111010
02301232323011101000
41300101100011110101
45220003303000011110
20121122332111000111
03020300232111101101
33113213001100000110
44110312111110001110
40303220233000101000
11323231130100010001
31012020202011010111
35331100113110001011
21120002113010110100
10030323120111100010
15001112001011011101
13111010330011001100
51331303321001001011
01201011000110111110
05101120210001110000
50120211201110111111
42021130022000111111
14201223212101110010
12012201103011010100
23302001013101110100
25033232222101010010
34122001321010101000
24210330001001011001
52011020111000010100
00013000311010000010
53210132120000111000
54003310023011011101
totalCombNum,N,totalRuntime are 2052 36 999


22230013030000001001
55312311132001010010
43132021001000101001
04302003030001000010
30202030010000010100
32100333231100001000
02010030303000010101
41300101100011110101
45220003303000100101
20020122332001000100
03020300202010101010
33113213002000010100
44010312010100010101
40303020233000100100
11323231130100010001
31012020202001001000
35001100103100101010
21120102113010001001
10030323120010100010
15001102001010101000
13101010330010010101
51331303321000001001
01201011030110000010
05100120210010010100
50100011020100101010
42021030022000100111
14201220202001010100
12012201003000000010
23302001013101100100
25030032220100010010
34122001320100101010
24210330001001001001
52011020111000010100
00013000311010000010
53210132120010101000
54003310023010011100
22203110010001001000
04032103100010000100
30202002030100100000
02300232320010010101
20101020302101000101
40003200203010100010
30330100013010100001
50100201201010000010
50020210201010101001
04201020200001010001
10200203012010100000
05033202022010010000
20030200220101010010
totalCombNum,N,totalRuntime are 2052 49 820


22230013030000001001
55312311132001010010
43132021001000101001
04302003030001000010
30202030010000010100
32100333231100001000
02010030303000010101
41300101100011110101
45220003303000100101
20020122332001000100
03020300202010101010
33113213002000010100
44010312010100010101
40303020233000100100
11323231130100010001
31012020202001001000
35001100103100101010
21120102113010001001
10030323120010100010
15001102001010101000
13101010330010010101
51331303321000001001
01201011030110000010
05100120210010010100
50100011020100101010
42021030022000100111
14201220202001010100
12012201003000000010
23302001013101100100
25030032220100010010
34122001320100101010
24210330001001001001
52011020111000010100
00013000311010000010
53210132120010101000
54003310023010011100
22203110010001001000
04032103100010000100
30202002030100100000
02300232320010010101
20101020302101000101
40003200203010100010
30330100013010100001
50100201201010000010
50020210201010101001
10200203012010100000
05033202022010010000
20030200220101010010
totalCombNum,N,totalRuntime are 2052 48 812


02310100102110111001
05022020321010010010
50131223003110010000
11221310112010101110
15332222222010010100
54110001112110100110
43133122312011101011
44311331233101000111
53302332211001100001
40320230320101101110
10003011003011010000
00130301112101100111
13100011130010110011
51230311322110111000
24101111123000011010
41012003103100101111
23020302002001100001
35200221313011001101
55003100120101001010
52020221133010011011
22133000231100011000
04031032100001100011
31111102111111110100
32131312300100100101
42202101021111000111
30010113231110111011
33312033021000100101
12122133210010011110
21313221210001111110
34023320012110001001
45310112103100111000
03211210203111001000
14212203301101111010
01203033032111011011
20212312330010011110
25101333030110010100
totalCombNum,N,totalRuntime are 2052 36 1027


02310100102110111001
05022020021000100001
50031023003010000010
11221310112010000010
15332022222010101001
54110001112110100110
43133122312001010001
44301030230001000010
53302332201000010000
40320230320000010101
10003010003010000001
00100301110101000100
13000201130010100010
51230311320001010100
20101000120101000001
41002003103000000101
23020002002001001010
35200221313000000101
55003100120101001010
02020021033010010000
22033000231000010000
04030032103010001000
31101102111001000000
32031010300000100010
42202101021001001010
30010100230000010001
30312033021010100100
12122103210010100101
21313221210000100101
34023320012100010101
45310010003100100000
03201010201010100001
14010000301101010001
01203033032011001010
20202012330000010100
25100303030010010010
05020020301000000000
50130202002000000000
40300331003010010100
24101111023001000010
52020220130000000101
32030302000100101001
30000013001010100001
33010103020010100100
12120130010001001100
03011210200101010000
03001010203010101001
04202203301101101000
01001030030101010011
20210312302010101010
25001033030000010100
totalCombNum,N,totalRuntime are 2052 51 824


02310100102110111001
05022020021000100001
50031023003010000010
11221310112010000010
15332022222010101001
54110001112110100110
43133122312001010001
44301030230001000010
53302332201000010000
40320230320000010101
10003010003010000001
00100301110101000100
13000201130010100010
51230311320001010100
20101000120101000001
41002003103000000101
23020002002001001010
35200221313000000101
55003100120101001010
02020021033010010000
22033000231000010000
04030032103010001000
31101102111001000000
32031010300000100010
42202101021001001010
30010100230000010001
30312033021010100100
12122103210010100101
21313221210000100101
34023320012100010101
45310010003100100000
03201010201010100001
14010000301101010001
01203033032011001010
20202012330000010100
25100303030010010010
50130202002000000000
40300331003010010100
24101111023001000010
52020220130000000101
32030302000100101001
30000013001010100001
33010103020010100100
12120130010001001100
03011210200101010000
03001010203010101001
04202203301101101000
01001030030101010011
20210312302010101010
25001033030000010100
totalCombNum,N,totalRuntime are 2052 50 824


42113230220101100101
24323033331011100101
34002212132000011110
00023310111101111100
53301300100101111000
54100021011001001001
33211323313000100000
05303121013110111011
52022100033100111111
13133101222000100110
03112030302010001010
20102200023110010000
25111211310101100100
43301112011000001100
21231112221010101111
30220131300000000110
04231102123110011000
45222003003001101011
40231122032010100000
41312321132111100111
50132213311001001001
10312000200001010100
35330330021101001010
14010311213010101011
15121032130110011011
44030010300101011100
55021033222111001100
01020023230101010011
11211220010101000010
51213102301111010001
31103330213010101100
22130322302001000010
23020203133100010101
02311211101100110001
12200123321010111010
32001000112011011101
totalCombNum,N,totalRuntime are 2052 36 1013


42113230220000100000
24323033331000100001
34002212032000001000
00023310011001000101
53301300100101111000
54100021011001001001
33210323303001000001
05303121013110111011
52022100033000000001
03100101020010000101
03112030302010001010
20102200023110010000
25011211310001010101
43300012011000101000
21230112221001000101
30220131030000100000
04201102123000010100
45222003003010010000
40231122032010100000
41302020102000010001
50132213311001001001
10312000200001010100
35330330021101001010
14010310203010000010
15121032130100010101
44030010300101011100
55021030202100000101
01020023230101001010
11211220010101000010
51213102301010100101
31103030213010000000
22030302002001000010
23020203130010010101
02301211101100010010
12002020321000001001
32001000112011010100
50103010100000010010
13033001202010100010
20200010020000001001
04031100103000101000
41002001002000100110
41012321130100000100
50021003022000101000
20100322002000010010
12200123020100000101
totalCombNum,N,totalRuntime are 2052 45 829


22321223330000010011
04130032131011010110
55330021112010111101
31233022323011010011
50313103031111110010
40021132213011000011
23210003312010010000
42012020000101110011
41120200031010010011
00113321022111111001
53122211221001010111
24222101000101010111
12011232122111111100
21030333200110111100
05221100320110101010
02200201211011111101
52101102000001101111
25103232023001000011
01302112100100100011
33023101110101110001
45022303301101001110
11101131332001101110
13300332033101100001
32133311013011101110
03031103003100000101
34332230313010101010
51010100310100010100
44303111222001101100
10233211300100101001
30100113102100100100
20002010131111001110
14000023221101000101
54211330133101111111
35011010231101101100
15022000112010001000
43233120102001111000
totalCombNum,N,totalRuntime are 2052 36 1040


02001220030000010100
04130032031001001000
55330021012000010101
31030022323000010010
50313103031010100010
40021002213010101010
23210003312010010000
42012020000101110011
41120200031010000001
00113021022010001000
53122210221001010010
24222101000010101001
12010232122010010000
21030333200101010000
05221100320001000010
02201001211001000100
52101102000001101111
25003030200001001010
01302012100010100000
33023001100001001001
40022303301010001100
11101131332010101010
13300302003101000000
32130301010010001001
03031103003100000101
30332230013000000001
51010100310100010100
44303111222010000100
10230211300100101001
30100113102100100100
20002010131111001110
14002023201001010101
54211330133000101010
35011010231001000100
15022000112010001000
43033120100000111000
22320020300010001010
22301203030100010101
31203022000000010010
40020030002001000000
40201030203001010010
00010320022010010100
25100202023001010100
45020303020100100001
13003032030000010010
02103001013000010010
02003310013010000010
34002230310100000100
10203200300101001001
totalCombNum,N,totalRuntime are 2052 49 851


41032011121101100000
11001202033010110000
12011320122001111101
52130013031110001010
04120321313001100010
33012110331011100101
53303303202001000011
31322333312101101111
45313213303000100100
24331310120100000000
02032012200000110010
43201022103000011011
20313002320101010110
51000120010101111010
30012222003000111011
22023231030000011011
01210030101100000111
32233131323011111101
50201311330110001001
05331100101011101100
55220232222101110101
21113120213101101111
54212101103000101111
14020003122011000110
13221133300101000111
44103332031000001111
23230223011110111000
03100011021101010001
00133233132111110110
15333321230010101010
35000000110100010111
34111220210111110100
10122112211011000101
40120210212010110100
42300101010111001010
25102101002000100000
totalCombNum,N,totalRuntime are 2052 36 1050


41032011020000100010
11000202033000010101
12011320302010010010
52130003031000010000
04120320313000101010
03002000030000010000
53303303202000010010
31322333312101001001
05303213003001000101
24331310120100000000
02032012203010001010
43201022103001001010
20103002020000001000
51000120010101111010
30012222003000010001
22020201030000101010
01210030101100000111
32201031023000010101
50201010030010100100
05331100101011101100
55220232222000100000
21113010213101010100
54212101103000100101
14020003122000000100
13221133300100100101
44003332031000100101
23202023011010010001
03100011021101010001
00100203132101001001
15303021230101001010
35000000110100010111
34101200210011110100
10122112211000100101
40120010202010010010
42300101010111001010
25102101002000100000
11001000003010010101
02010020120000100101
33010110331000000001
45010203300001001000
20310002320101000010
22023030030000001001
30233100320010010001
50201301301010000000
23030203011000000100
00133030102010001000
15030320030000001001
totalCombNum,N,totalRuntime are 2052 47 860


42121012300011101010
25302213002010100010
03310013121011100010
52300300100100111010
04202003331101011111
24111310213111010110
11210131321111000010
54220011233101000010
14003022022000111100
30030020201010110110
21030001000110001110
05023331303100000111
32031121013010101010
01011220110010011011
44321131110000110001
41313013233010101111
22011110020101000111
31102330130110000100
35211220230010010010
15110102113111000100
12033203131010110110
50012101311011101010
33023103220101000100
40022200323100010101
00101133012100001101
23321022331011110100
51123112032001000001
10321312130001000111
02232132202001100000
34330212302101100011
20203030111110101100
53111231102100011100
55132323021000111101
43231300012110110111
45100021101100110000
13002000203011101111
totalCombNum,N,totalRuntime are 2052 36 972


42120002300101001000
25300213002000001010
03300010121000101010
52300300010010000001
04202003331000100010
24110310213010010010
11203001320001001001
54220011233000001010
14003022022000010100
30030020201010110110
21030001000110001110
05023331303001001010
32031121013010101010
01011220010010010101
44321131110000110001
41313013203010100100
22011110020000101001
31102330130100000101
30210020100000000010
15100102113101001010
12033203101001010101
50012101311010001000
33023103220101000100
40020203023001000100
00101133012100001101
23021020301011000101
51123102032001001010
10321312130001000111
02002002203010000000
34330212302101100001
20203030110010100000
50101200100101010010
55132323021010111001
43230300012010001010
45100021101100110000
13002000203001100001
20302013002000000100
11010030021010010101
41013003030101010000
35201200230100010100
05010102010010010100
12030200130100010001
40022200301000010000
23020022031001000000
20301022330010010100
02230132202001000000
53100231002001010101
03010000102000010000
totalCombNum,N,totalRuntime are 2052 48 833


12011133232011101100
33002113202101110000
15122320313101010011
01300302013010100010
31012201022101011110
21232300231100000001
45330230122000100111
23220023323100110000
41010023201101110001
51123131300011010110
25002132110110110100
34231332313101000010
24123012002001000001
30100222030010001111
20011211113000101110
53201300021110010101
11101011120101101110
32322020200111001001
10230110103001101010
04113100220000001111
13303202011100111011
50112222212100100111
55131003010001010110
40221303320101110100
35023023101001010111
22312112321011100110
05213311233111111110
54321223333110111101
02221203102101110111
00303031011110100110
14010120101010100111
44002311302101001001
42133101013101000100
03032021310011001101
43111032131011000000
52000311101010010010
totalCombNum,N,totalRuntime are 2052 36 1013


12001133232010001000
33002113202010100000
15122320313010100010
01300302013010100010
31012201022000100000
20030000031000001001
45330230122010010011
23220023323010010010
41010023201101000001
51023131303000010100
25002132100101010000
34231332313010010000
20023002002010001010
30100222030010001111
20011211113000101110
53201300021110010101
11101011120101001010
32320020200100101001
10230110103001101010
04103100020100000010
13303202001001010010
50012020002001000101
55131003010100010000
40220303320100110010
35023003101001000101
22312112321000100100
05213311233010001010
50301020030100111010
02221200102000000100
00303031011000100000
14010120101001000101
44002311302101001001
42133100013001000100
03032021010010101001
03110030101010101001
52000311101010010010
21030300200010101000
21202000030001000100
24120010002000101010
04013020220101010000
50100202212000000100
04010203333101010001
54320003030010011000
43111002130011010100
totalCombNum,N,totalRuntime are 2052 44 845


